0.00010
0.00000
0.00052
0.00016
0.00001
0.00002
0.00020
0.00000
0.00000
0.00000
0.00000
0.00011
0.00083
0.00006
0.00000
0.00000
0.00000
0.00000
0.00000
0.00000
0.00000
0.00000
0.00000
0.00000
0.00000
0.00000
0.00000
0.00000
0.00000
0.00000
0.00000
0.00000
0.00000
0.00000
0.00000
0.00000
0.00000
0.00000
0.00000
0.00000
0.00000
0.00000
0.00000
0.00000
0.00000
0.00000
0.00000
0.00000
0.00000
0.00000
0.00985
0.00000
0.00438
0.00000
0.00000
0.00000
0.00000
0.00421
0.05088
0.00000
0.00000
0.00000
0.00000
0.00779
0.00000
0.06038
0.00000
0.00000
0.06958
0.18728
0.09670
0.00000
0.00000
0.00783
0.00000
0.02056
0.00095
0.00000
0.00000
0.04663
0.05993
0.01499
0.00000
0.00000
0.00027
0.00000
0.00000
0.00000
0.00000
0.00000
0.00005
0.00879
0.00626
0.00000
0.00013
0.00002
0.00000
0.00000
0.00000
0.00114
0.01947
0.01956
0.00024
0.00000
0.00000
0.00000
0.00000
0.00000
0.00001
0.00005
0.00171
0.00000
0.00000
0.00000
0.00000
0.00000
0.00000
0.00000
0.00000
0.00000
0.00000
0.00000
0.00000
0.00000
0.00000
0.00000
0.00152
0.01765
0.00000
0.00000
0.00000
0.00000
0.01985
0.00063
0.11723
0.00000
0.00000
0.00000
0.00000
0.04662
0.00352
0.00000
0.00000
0.00000
0.00000
0.00000
0.00000
0.00000
0.00000
0.00000
0.29881
0.01009
0.00000
0.00000
0.03953
0.00000
0.00000
0.00000
0.74250
0.01886
0.00000
0.00000
0.00000
0.00467
0.02402
0.00117
0.00000
0.00000
0.00000
0.05161
0.66276
0.00000
0.00000
0.00000
0.00000
0.00003
0.00000
0.00000
0.00000
0.00000
0.00000
0.23164
0.25087
0.12105
0.00000
0.00000
0.00059
0.00000
0.00000
0.00000
0.00000
0.25799
0.00000
0.00000
0.00843
0.01288
0.00096
0.00000
0.00013
0.01505
0.09853
0.00882
0.00000
0.00000
0.00000
0.00000
0.00000
0.00000
0.00001
0.00017
0.00001
0.00000
0.00000
0.00000
0.00000
0.00000
0.00000
0.00000
0.00000
0.00032
0.00011
0.00187
0.00138
0.00005
0.00024
0.02888
0.13908
0.00000
0.00000
0.00000
0.00000
0.00006
0.00538
0.00000
0.00000
0.00000
0.01216
0.00000
0.00000
0.00000
0.00000
0.00000
0.00000
0.00360
0.00379
0.00000
0.00000
0.00000
0.00000
0.00000
0.00000
0.00000
0.00000
0.00000
0.00000
0.00056
0.16595
0.00000
0.00000
0.01632
0.00069
0.00000
0.00000
0.00000
0.00000
0.00000
0.00269
0.97027
0.00000
0.00000
0.00000
0.07093
0.00003
0.00000
0.01680
0.34592
0.00000
0.00000
0.00000
0.00000
0.00000
0.00031
0.90147
0.00000
0.00000
0.00000
0.01731
0.00000
0.00000
0.00237
0.15285
0.00000
0.00000
0.00425
0.00000
0.00000
0.00000
0.46613
0.00000
0.00000
0.00000
0.00054
0.00000
0.00000
0.08226
0.00174
0.99914
0.00000
0.00000
0.00000
0.00000
0.11238
0.04318
0.00008
0.00006
0.00275
0.00000
0.04282
0.00000
0.00000
0.00000
0.00576
0.00128
0.00000
0.00000
0.00000
0.00001
0.00663
0.00296
0.00000
0.00000
0.00000
0.00000
0.00000
0.00000
0.00000
0.00000
0.00000
0.00002
0.00384
0.00622
0.00399
0.00033
0.00000
0.01574
0.04995
0.05526
0.02698
0.02701
0.00000
0.00000
0.20127
0.02819
0.00000
0.00000
0.00000
0.00000
0.00846
0.00032
0.00000
0.00000
0.00000
0.00000
0.00000
0.40385
0.00000
0.00000
0.00000
0.00000
0.00000
0.00000
0.00000
0.00000
0.00000
0.00000
0.00000
0.00000
0.00000
0.00000
0.87889
0.89468
0.00000
0.00000
0.00000
0.00000
0.00000
0.00000
0.00000
0.17771
0.00000
0.00000
0.00000
0.00000
0.00000
0.11973
1.00000
0.99666
0.00000
0.00000
0.00000
0.00001
0.00000
0.00363
0.16916
0.02526
0.00000
0.00000
0.00000
0.00001
0.00000
0.00000
0.01258
0.02030
0.00000
0.00000
0.00000
0.00006
0.00000
0.00000
0.00143
0.15302
0.77151
0.00000
0.00000
0.00000
0.00000
0.00000
0.00000
0.00000
0.00000
0.00000
0.00000
0.00348
0.00000
0.00000
0.04044
0.00055
0.00000
0.00000
0.00000
0.00000
0.00000
0.00000
0.06836
0.00000
0.05979
0.00625
0.00000
0.00000
0.00113
0.00000
0.00000
0.00000
0.01424
0.00000
0.03755
0.12367
0.01301
0.00052
0.00000
0.00004
0.00000
0.00001
0.09881
0.04882
0.00189
0.00004
0.00000
0.00000
0.00000
0.00000
0.00000
0.00000
0.00000
0.00000
0.00000
0.00000
0.00000
0.00000
0.00000
0.00000
0.00000
0.00000
0.00000
0.00000
0.00000
0.00000
0.11267
0.06069
0.00234
0.00000
0.00000
0.03159
0.02180
0.00083
0.00000
0.00000
0.00000
0.00000
0.00000
0.11013
0.56382
0.00000
0.00000
0.00000
0.14468
0.07785
0.00678
0.00000
0.00000
0.00000
0.00000
0.00000
0.00000
0.00000
0.00000
0.06932
0.00000
0.00000
0.00001
0.36968
0.31719
0.10072
0.00000
0.00000
0.00000
0.00229
0.00000
0.00000
0.00000
0.00000
0.00000
0.00000
0.00000
0.00000
0.00000
0.63977
0.67365
0.63741
0.00000
0.00000
0.00000
0.00056
0.00000
0.03531
0.00000
0.00107
0.30354
0.00000
0.00000
0.01843
0.00000
0.00000
0.00000
0.11444
0.00000
0.00000
0.00000
0.00000
0.00006
0.00000
0.00262
0.11974
0.61308
0.94874
0.00000
0.00000
0.01226
0.00000
0.00000
0.00000
0.00000
0.00000
0.00000
0.00000
0.00000
0.00000
0.00000
0.00709
0.24860
0.00000
0.00000
0.00000
0.97664
0.00000
0.00000
0.32467
0.00000
0.00000
0.00000
0.07002
0.00000
0.00000
0.00029
0.06150
0.00000
0.00000
0.00000
0.50424
0.00000
0.00000
0.36615
0.10512
0.00242
0.00074
0.00000
0.00110
0.00007
0.00000
0.02899
0.22534
0.09970
0.01983
0.00360
0.00000
0.00000
0.00000
0.00000
0.00000
0.00000
0.00000
0.00000
0.00000
0.00000
0.00000
0.00000
0.00000
0.00000
0.00000
0.00000
0.00000
0.00000
0.00000
0.00000
0.00065
0.02374
0.00000
0.00000
0.00000
0.00000
0.00000
0.00000
0.00000
0.00000
0.00000
0.00011
0.00000
0.00000
0.00000
0.01023
0.26477
0.00000
0.00000
0.00000
0.00025
0.00062
0.00061
0.00003
0.00000
0.00158
0.00000
0.00000
0.00000
0.00000
0.00000
0.00000
0.00000
0.40860
0.00000
0.00000
0.03403
0.00935
0.01361
0.02616
0.01256
0.00000
0.00851
0.00000
0.00000
0.00000
0.00000
0.00000
0.00000
0.00000
0.62988
0.02258
0.00371
0.18385
0.06997
0.03785
0.12510
0.00019
0.00541
0.00452
0.12165
0.00000
0.00000
0.00000
0.00000
0.02596
1.00000
1.00000
0.68536
0.00000
0.07067
0.00000
0.00000
0.00891
0.00000
0.00000
0.00000
0.01131
0.05611
0.00166
0.00000
0.00000
0.00000
0.00000
1.00000
0.00000
0.00000
0.01429
0.00000
0.00000
0.00000
0.00000
0.00001
0.00000
0.00000
0.00000
0.00000
0.00000
0.00000
0.00000
0.00000
0.00000
0.00000
0.00000
0.00000
0.00000
0.00000
0.00000
0.00000
0.00000
0.00000
0.00000
0.00000
0.00000
0.00000
0.00000
0.00000
0.00000
0.00000
0.14650
0.00918
0.00000
0.00000
0.00000
0.00006
0.00750
0.00000
0.00000
0.00970
0.00000
0.00000
0.00322
0.01350
0.00405
0.00000
0.00035
0.00000
0.00000
0.00000
0.00000
0.00000
0.00000
0.00000
0.00000
0.00000
0.00001
0.01665
0.00000
0.00000
0.00064
0.00009
0.00000
0.00000
0.00000
0.00000
0.00000
0.00000
0.00030
0.00000
0.00000
0.00000
0.00000
0.00000
0.00000
0.01334
0.01350
0.00031
0.00000
0.00000
0.00000
0.00000
0.00000
0.00000
0.00001
0.03130
0.00000
0.00000
0.00000
0.00000
0.00000
0.00000
0.01027
0.03344
0.00833
0.00048
0.00002
0.00000
0.00000
0.00000
0.00000
0.00000
0.00000
0.00277
0.00000
0.00000
0.00000
0.00000
0.00000
0.04523
0.10664
0.04749
0.01024
0.01675
0.00018
0.00000
0.00023
0.00065
0.00000
0.00000
0.00000
0.16442
0.00000
0.00000
0.00000
0.00000
0.99571
0.83236
0.79964
0.35483
0.14721
0.08983
0.03785
0.00000
0.00018
0.00093
0.00000
0.00080
0.19716
0.00000
0.00000
0.02630
0.00000
0.00000
0.00000
0.96845
0.87149
0.26211
0.00000
0.00000
0.00000
0.00000
0.00011
0.00000
0.00000
0.00367
0.00000
0.00000
0.00000
0.00000
0.00000
0.00000
0.00000
0.00000
0.00000
0.00000
0.00000
0.00000
0.00000
0.00000
0.00000
0.00000
0.00000
0.00000
0.00000
0.00000
0.00000
0.00000
0.00000
0.00000
0.00000
0.00000
0.00725
0.00000
0.00000
0.00000
0.00003
0.00482
0.00000
0.00000
0.00000
0.00000
0.00000
0.00000
0.00663
0.00430
0.00001
0.00000
0.00001
0.00000
0.00000
0.00000
0.00000
0.00000
0.00000
0.00000
0.00000
0.00000
0.00000
0.00000
0.00000
0.00000
0.00000
0.00000
0.00014
0.00001
0.00000
0.02212
0.01264
0.00322
0.00001
0.00000
0.00000
0.00000
0.00000
0.00000
0.00000
0.00000
0.00000
0.00073
0.00000
0.00000
0.00000
0.13885
0.11929
0.10238
0.01928
0.00152
0.00000
0.00000
0.00000
0.00000
0.00000
0.00000
0.00000
0.00000
0.00000
0.00000
0.00000
0.00000
0.00000
0.39044
0.29242
0.01495
0.00059
0.00001
0.00000
0.00000
0.00000
0.00000
0.00000
0.00000
0.00000
0.00000
0.00000
0.00000
0.00000
0.00000
0.82741
0.00001
0.00000
0.00000
0.02883
0.03917
0.00541
0.00065
0.00000
0.00000
0.00000
0.00001
0.00000
0.33515
0.51554
0.00031
0.97051
0.19820
0.00000
0.00000
0.00000
0.57894
0.25545
0.00412
0.01498
0.00005
0.00000
0.00000
0.00083
0.08510
0.13717
0.50272
0.79266
0.00000
0.00000
0.00137
0.17963
0.00000
0.00000
0.00000
0.00000
0.01049
0.00000
0.00000
0.00000
0.00000
0.00762
0.10585
0.34007
0.00000
0.00000
0.00000
0.00000
0.00000
0.00000
0.00000
0.00000
0.00886
0.00000
0.00000
0.00000
0.00054
0.00191
0.01864
0.00000
0.00000
0.00000
0.00000
0.00000
0.00004
0.00000
0.00000
0.00000
0.00000
0.00000
0.00000
0.00000
0.00000
0.00000
0.00000
0.00000
0.00000
0.00000
0.00000
0.00001
0.00008
0.00000
0.00000
0.00000
0.00000
0.00000
0.00000
0.00000
0.00000
0.00001
0.00003
0.00576
0.04685
0.00726
0.00037
0.00028
0.00002
0.00000
0.00000
0.00000
0.00000
0.00000
0.00000
0.00000
0.00011
0.00000
0.00000
0.01617
0.00003
0.02184
0.04649
0.03736
0.00133
0.00000
0.00000
0.00000
0.00000
0.00000
0.00000
0.00000
0.00000
0.00000
0.01724
0.00000
0.21334
0.00000
0.00000
0.00000
0.00000
0.00000
0.00001
0.00000
0.00000
0.00000
0.01776
0.00000
0.00371
0.66769
0.82654
0.26785
0.00000
0.00000
0.00000
0.00000
0.00109
0.05228
0.00383
0.00007
0.00000
0.00015
0.01079
0.08696
0.51228
0.64236
0.09628
0.00000
0.00000
0.00000
0.00000
0.16845
0.00000
0.00000
0.00000
0.00000
0.00000
0.00000
0.00050
0.03161
0.19911
0.00025
0.00000
0.00000
0.00000
0.00000
0.00000
0.00000
0.00000
0.00000
0.00000
0.00000
0.00000
0.00006
0.00139
0.00647
0.00000
0.00000
0.00000
0.00000
0.00000
0.00000
0.00000
0.00000
0.00000
0.00000
0.00000
0.00000
0.00000
0.00000
0.00000
0.00000
0.00000
0.00000
0.00000
0.00003
0.00159
0.00009
0.00000
0.00000
0.00000
0.00000
0.00000
0.00000
0.00000
0.00000
0.00000
0.00000
0.03241
0.00926
0.00110
0.00001
0.00000
0.00000
0.00000
0.00000
0.00000
0.00000
0.00000
0.00000
0.34197
0.45827
0.22709
0.00011
0.00000
0.00000
0.00000
0.00000
0.00000
0.00000
0.00000
0.00000
0.00000
0.00000
0.00023
0.92304
0.23604
0.00000
0.00000
0.00000
0.00000
0.00017
0.00000
0.00000
0.00000
0.00000
0.00000
0.00000
0.00000
0.51151
0.00000
0.00000
0.00000
0.00000
0.00000
0.00000
0.00000
0.00162
0.00000
0.00000
0.00013
0.00000
0.00000
0.00000
0.00000
0.00000
0.00000
0.00021
0.00015
0.00000
0.00000
0.00000
0.00000
0.00000
0.00000
0.00000
0.00000
0.00000
0.00000
0.00000
0.00000
0.00000
0.00000
0.00000
0.00000
0.00000
0.00000
0.00000
0.00000
0.00000
0.00079
0.00770
0.00671
0.00031
0.00000
0.00000
0.00000
0.00000
0.00000
0.00000
0.00000
0.00000
0.00000
0.27047
0.18847
0.07959
0.00874
0.01067
0.00048
0.00000
0.00000
0.00000
0.00000
0.02514
0.00000
0.00000
0.00460
0.01753
0.00268
0.00009
0.00000
0.00002
0.00000
0.00000
0.00000
0.00000
0.00000
0.00000
0.00007
0.00183
0.00000
0.00000
0.00000
0.00000
0.00000
0.00000
0.00000
0.00000
0.00000
0.00000
0.00000
0.00000
0.00000
0.00000
0.00000
0.00000
0.00000
0.00000
0.00000
0.00000
0.00000
0.00000
0.00012
0.00001
0.00000
0.00000
0.00000
0.00000
0.00000
0.00000
0.00056
0.02475
0.04336
0.00000
0.00000
0.00001
0.00000
0.00000
0.00173
0.08368
0.00000
0.00000
0.00000
0.00000
0.00027
0.00952
0.00000
0.00000
0.00000
0.00000
0.00000
0.00000
0.00000
0.00000
0.00000
0.00000
0.00000
0.00000
0.00000
0.00000
0.00000
0.00002
0.00000
0.00000
0.00000
0.00026
0.00000
0.00000
0.00000
0.00000
0.00000
