0.00000
0.00000
0.00000
0.00128
0.00072
0.00009
0.00129
0.00000
0.00000
0.00002
0.00031
0.00670
0.01272
0.00000
0.00047
0.00002
0.00000
0.00000
0.00000
0.00000
0.00017
0.00006
0.00041
0.00033
0.00000
0.00000
0.00000
0.00000
0.00000
0.00000
0.00000
0.00000
0.00000
0.00000
0.00000
0.00000
0.00000
0.00000
0.00000
0.00000
0.00000
0.00000
0.00000
0.00000
0.00000
0.00000
0.00000
0.00000
0.00000
0.00000
0.00242
0.00161
0.00000
0.00000
0.00000
0.00000
0.00024
0.02004
0.11600
0.00000
0.00000
0.00000
0.00000
0.08805
0.00023
0.01889
0.00539
0.00000
0.05611
0.35451
0.02320
0.00000
0.00000
0.01214
0.00003
0.00096
0.03567
0.00000
0.00000
0.00000
0.18076
0.08458
0.00000
0.00000
0.00000
0.00000
0.00000
0.00000
0.00000
0.00158
0.00000
0.01282
0.02246
0.00577
0.00174
0.00001
0.00001
0.00000
0.00000
0.00000
0.00967
0.03591
0.00373
0.00002
0.00000
0.00000
0.00000
0.00000
0.00000
0.00004
0.00144
0.00129
0.00000
0.00000
0.00000
0.00000
0.00000
0.00000
0.00000
0.00000
0.00000
0.00000
0.00000
0.00025
0.00000
0.00004
0.00045
0.03298
0.00000
0.00000
0.00000
0.00000
0.00240
0.00005
0.00512
0.00000
0.00000
0.00000
0.00000
0.03779
0.00873
0.00000
0.00848
0.00077
0.00000
0.00000
0.01932
0.00000
0.00000
0.00000
0.03616
0.01875
0.00001
0.06393
0.26836
0.00000
0.00000
0.00000
0.05078
0.03253
0.00000
0.00000
0.00000
0.00271
0.00002
0.12278
0.28413
0.00000
0.00000
0.00000
0.80310
0.12802
0.00000
0.00000
0.00000
0.00316
0.00009
0.00000
0.00000
0.00000
0.00000
0.00000
0.40208
0.25529
0.00184
0.00000
0.00000
0.00003
0.00002
0.00000
0.00000
0.03810
0.00057
0.00025
0.02695
0.03593
0.00838
0.00011
0.00000
0.00137
0.06881
0.10004
0.00000
0.00000
0.00001
0.00000
0.00000
0.00000
0.00000
0.00040
0.00120
0.00000
0.00000
0.00000
0.00000
0.00000
0.00000
0.00000
0.00000
0.00041
0.00827
0.00216
0.00000
0.00000
0.00065
0.00000
0.00721
0.05601
0.00000
0.00000
0.00000
0.00000
0.00000
0.00000
0.00000
0.00000
0.00000
0.00000
0.00000
0.00000
0.00000
0.00000
0.00000
0.00028
0.00008
0.00000
0.00000
0.00000
0.00000
0.00000
0.00000
0.00000
0.09573
0.00000
0.00000
0.00000
0.00000
0.00000
0.00000
0.00029
0.05222
0.39322
0.00000
0.00000
0.00000
0.00000
0.00000
0.97806
0.50669
0.00000
0.00000
0.00000
0.00000
0.00000
0.00000
0.04838
0.06746
0.00000
0.00000
0.00000
0.00000
0.00000
0.70981
0.00000
0.00000
0.00000
0.00000
0.00000
0.00000
0.00000
0.02097
0.48240
0.00000
0.00000
0.00000
0.00000
0.00000
0.02149
0.00000
0.00000
0.00000
0.00043
0.00000
0.00000
0.01625
0.04143
0.27788
0.00046
0.00000
0.00000
0.00000
0.18856
0.06450
0.00463
0.00001
0.00011
0.00000
0.01850
0.11839
0.00000
0.00000
0.00187
0.00321
0.00007
0.00000
0.00000
0.00000
0.00941
0.01892
0.00000
0.00000
0.00000
0.00000
0.00000
0.00000
0.00000
0.00000
0.00000
0.00000
0.00197
0.00704
0.00837
0.00000
0.00000
0.01145
0.05423
0.05256
0.06804
0.00001
0.00000
0.00000
0.24232
0.03805
0.00000
0.00000
0.00000
0.00000
0.00000
0.00000
0.00000
0.00000
0.00000
0.00000
0.00000
0.32321
0.00077
0.00000
0.00000
0.00000
0.00000
0.00000
0.00000
0.00778
0.00000
0.00000
0.00000
0.00000
0.00000
0.00000
0.81391
0.80493
0.12630
0.00000
0.00682
0.00003
0.00000
0.00004
0.00519
0.57048
0.00000
0.00000
0.00000
0.00000
0.00000
0.01075
1.00000
1.00000
0.00000
0.00000
0.00000
0.00003
0.00000
0.00006
0.04219
0.40729
0.00000
0.00000
0.00000
0.00000
0.00000
0.00000
0.00000
0.96641
0.00000
0.00000
0.00000
0.00000
0.00000
0.00000
0.00001
0.01322
0.31672
0.00000
0.00000
0.00000
0.00000
0.00000
0.00000
0.00000
0.00000
0.00005
0.04305
0.00116
0.00000
0.00000
0.00537
0.00000
0.00000
0.00000
0.00000
0.00000
0.00000
0.00000
0.00949
0.00000
0.00472
0.00220
0.00000
0.00000
0.00065
0.00000
0.00000
0.00000
0.18872
0.00000
0.00000
0.18742
0.02481
0.00159
0.00000
0.00002
0.00000
0.00005
0.09861
0.03815
0.00168
0.00024
0.00000
0.00000
0.00000
0.00000
0.00000
0.00000
0.00000
0.00000
0.00000
0.00001
0.00001
0.00000
0.00000
0.00000
0.00000
0.00000
0.00000
0.00000
0.00000
0.00000
0.16455
0.08133
0.00000
0.00000
0.00000
0.00881
0.01708
0.00021
0.00000
0.00000
0.00000
0.00000
0.00000
0.00000
0.81015
0.00000
0.00000
0.00000
0.08843
0.03955
0.03649
0.00000
0.00000
0.00000
0.00000
0.00000
0.00000
0.00000
0.00000
0.01635
0.00000
0.00000
0.00017
0.28445
0.25067
0.10482
0.00033
0.03503
0.00000
0.00073
0.00019
0.00000
0.00000
0.18732
0.00000
0.00000
0.00000
0.00000
0.00000
0.20958
0.49189
0.52568
0.00000
0.00000
0.00000
0.00000
0.00146
0.03830
0.11486
0.18950
0.89065
0.00000
0.00000
0.00000
0.60370
0.00000
0.00000
0.00000
0.00000
0.00000
0.00000
0.00010
0.00000
0.00002
0.00439
0.09738
0.45778
0.61452
0.00000
0.00000
0.00000
0.00000
0.00000
0.00000
0.00000
0.00000
0.00000
0.13912
0.00049
0.00000
0.00000
0.03712
0.27991
0.00000
0.00000
0.00000
0.97603
0.00000
0.00000
0.00000
0.00000
0.00000
0.00000
0.01927
0.00000
0.00000
0.00294
0.09770
0.00000
0.00000
0.00000
0.28242
0.00036
0.12032
0.44862
0.13652
0.00295
0.00002
0.00000
0.00054
0.00000
0.00000
0.12784
0.22793
0.08572
0.03281
0.00966
0.00000
0.00000
0.00000
0.00001
0.00000
0.00000
0.00000
0.00000
0.00000
0.00000
0.00000
0.00001
0.00000
0.00000
0.00000
0.00000
0.00000
0.00000
0.00000
0.00000
0.00146
0.06322
0.00000
0.00000
0.00000
0.00000
0.00000
0.00000
0.00000
0.00000
0.00000
0.00000
0.00000
0.00000
0.00000
0.00000
0.28451
0.00000
0.00000
0.00011
0.00000
0.00000
0.00002
0.00001
0.00000
0.00022
0.00000
0.00000
0.00000
0.00000
0.00000
0.00000
0.00000
0.00000
0.00000
0.00000
0.02902
0.00297
0.00093
0.00148
0.00071
0.00000
0.00948
0.00697
0.00000
0.00000
0.00000
0.00000
0.00000
0.00000
0.06141
0.38723
0.15002
0.11405
0.05886
0.02011
0.01129
0.00071
0.00003
0.00609
0.24778
0.02190
0.00000
0.00000
0.00000
1.00000
0.98350
1.00000
0.77587
0.03942
0.00000
0.00000
0.00000
0.00000
0.00626
0.00000
0.00267
0.04043
0.00000
0.27573
0.00070
0.00000
0.00000
0.00000
1.00000
0.04091
0.00000
0.00000
0.00000
0.00000
0.00000
0.02584
0.00000
0.00000
0.00000
0.00000
0.00000
0.69342
0.00000
0.00000
0.00000
0.00000
0.00000
0.00000
0.00000
0.07889
0.00000
0.00000
0.00000
0.00000
0.00000
0.00405
0.00000
0.00000
0.00000
0.00000
0.00000
0.00000
0.00000
0.21447
0.00612
0.00000
0.00000
0.00000
0.00011
0.00021
0.00000
0.00000
0.29612
0.00000
0.00000
0.04864
0.01394
0.00071
0.00000
0.00035
0.00000
0.00000
0.00000
0.00000
0.00000
0.00000
0.00000
0.00000
0.00000
0.00091
0.00000
0.00000
0.00000
0.00761
0.00066
0.00000
0.00000
0.00000
0.00000
0.00000
0.00000
0.00006
0.00000
0.00000
0.00116
0.01593
0.00000
0.00000
0.01114
0.01431
0.00021
0.00000
0.00000
0.00000
0.00000
0.00000
0.00000
0.00000
0.02265
0.00000
0.00000
0.00000
0.00000
0.00000
0.00000
0.00000
0.00467
0.00503
0.00047
0.00000
0.00000
0.00000
0.00000
0.00000
0.00000
0.00000
0.00425
0.00000
0.00000
0.00000
0.00000
0.00057
0.00000
0.03849
0.02340
0.01099
0.00520
0.00007
0.00000
0.00000
0.00000
0.00000
0.00000
0.00000
0.57213
0.00000
0.00000
0.00000
0.00000
0.98149
0.86549
0.58271
0.39005
0.09997
0.08280
0.02851
0.00000
0.00000
0.00000
0.00000
0.00714
0.52308
0.00295
0.00000
0.00000
0.00000
0.00000
0.01914
0.98812
0.84432
0.02765
0.00000
0.00000
0.00000
0.00000
0.00005
0.00000
0.00731
0.00000
0.00000
0.00000
0.79857
0.00000
0.00000
0.00000
0.00000
0.00000
0.00000
0.00000
0.00000
0.00000
0.00000
0.00000
0.00000
0.00000
0.00373
0.00101
0.00000
0.00000
0.00000
0.00000
0.00000
0.00000
0.00000
0.00030
0.00416
0.00000
0.00000
0.00000
0.00002
0.00027
0.00000
0.00000
0.00000
0.00000
0.00000
0.00000
0.00560
0.00126
0.00000
0.00000
0.00000
0.00000
0.00000
0.00000
0.00000
0.00000
0.00000
0.00000
0.00000
0.00000
0.00000
0.00000
0.00000
0.00000
0.00000
0.00000
0.00008
0.00000
0.00000
0.01427
0.03591
0.01578
0.00034
0.00000
0.00000
0.00000
0.00000
0.00000
0.00000
0.00000
0.00000
0.00008
0.00002
0.00000
0.00000
0.01950
0.33471
0.19064
0.03321
0.00012
0.00000
0.00000
0.00000
0.00000
0.00000
0.00000
0.00000
0.00000
0.00000
0.00000
0.00000
0.00000
0.00000
0.42818
0.26184
0.03784
0.00003
0.00000
0.00000
0.00000
0.00000
0.00000
0.00000
0.00000
0.00000
0.00000
0.00000
0.00000
0.00000
0.00000
0.68220
0.87612
0.02636
0.00040
0.01052
0.02128
0.00281
0.00180
0.00000
0.00000
0.00000
0.00000
0.00000
0.57467
0.54232
0.00000
0.55154
0.74223
0.00554
0.00000
0.00000
0.45000
0.23769
0.00000
0.01425
0.00774
0.00000
0.00006
0.03368
0.17877
0.47453
0.57813
0.93854
0.00000
0.00000
0.00011
0.10593
0.00000
0.00000
0.00000
0.00000
0.00727
0.00003
0.00000
0.00004
0.00410
0.06541
0.18951
0.24783
0.00000
0.00000
0.00000
0.00000
0.00000
0.00000
0.00000
0.00000
0.00293
0.00000
0.00000
0.00000
0.00018
0.00033
0.00304
0.00000
0.00000
0.00000
0.00000
0.00034
0.00000
0.00000
0.00000
0.00000
0.00000
0.00000
0.00000
0.00000
0.00000
0.00000
0.00000
0.00000
0.00000
0.00000
0.00000
0.00003
0.00009
0.00013
0.00002
0.00000
0.00000
0.00000
0.00000
0.00000
0.00000
0.00000
0.00070
0.01828
0.09853
0.01164
0.00495
0.00279
0.00000
0.00000
0.00000
0.00000
0.00000
0.00000
0.00000
0.00000
0.00091
0.00000
0.00000
0.00685
0.00000
0.00002
0.02556
0.05286
0.00214
0.00000
0.00000
0.00000
0.00000
0.00000
0.00000
0.00000
0.00000
0.00000
0.00000
0.00000
0.00000
0.09745
0.00000
0.00000
0.00000
0.00031
0.00000
0.00000
0.00000
0.00000
0.03636
0.00000
0.00000
0.63070
0.39923
0.95751
0.00000
0.00000
0.00000
0.00000
0.00139
0.04414
0.00295
0.00014
0.00000
0.00181
0.00429
0.00000
0.66946
0.85359
0.15552
0.00000
0.00000
0.00000
0.00000
0.00042
0.00000
0.00000
0.00000
0.00001
0.00000
0.00039
0.01541
0.12526
0.28111
0.00097
0.00000
0.00000
0.00000
0.00266
0.00000
0.00000
0.00000
0.00000
0.00000
0.00000
0.00006
0.00014
0.00033
0.01229
0.00000
0.00000
0.00000
0.00000
0.00000
0.00000
0.00000
0.00000
0.00000
0.00000
0.00000
0.00000
0.00000
0.00000
0.00000
0.00000
0.00000
0.00000
0.00000
0.00001
0.00111
0.00015
0.00000
0.00000
0.00000
0.00000
0.00000
0.00000
0.00000
0.00148
0.00000
0.00000
0.06277
0.02304
0.00336
0.00026
0.00000
0.00000
0.00000
0.00000
0.00000
0.00000
0.00000
0.00000
0.09039
0.59932
0.41877
0.00000
0.00000
0.00000
0.00000
0.00000
0.00000
0.00000
0.00000
0.00000
0.00000
0.00000
0.00000
0.96307
0.00342
0.00000
0.00000
0.00000
0.00000
0.00027
0.00000
0.00000
0.00000
0.00000
0.00000
0.00000
0.00000
0.82891
0.00000
0.00000
0.00000
0.00000
0.00000
0.00000
0.00000
0.00682
0.00000
0.00000
0.04775
0.00000
0.00000
0.00000
0.00000
0.00000
0.00000
0.00003
0.00003
0.00000
0.00000
0.00000
0.00000
0.00000
0.00000
0.00000
0.00000
0.00000
0.00000
0.00000
0.00000
0.00000
0.00000
0.00000
0.00000
0.00000
0.00000
0.00000
0.00000
0.00000
0.00067
0.00508
0.00822
0.00403
0.00051
0.00000
0.00000
0.00000
0.00000
0.00000
0.00000
0.00000
0.00202
0.30968
0.35547
0.16392
0.02366
0.00012
0.00015
0.00000
0.00000
0.00000
0.00000
0.04010
0.00000
0.00000
0.00000
0.00000
0.00108
0.00021
0.00000
0.00000
0.00000
0.00000
0.00000
0.00000
0.00000
0.00000
0.01031
0.00728
0.00000
0.00000
0.00000
0.00000
0.00000
0.00000
0.00000
0.00000
0.00000
0.00000
0.00000
0.00000
0.00000
0.00000
0.00000
0.00000
0.00000
0.00000
0.00000
0.00000
0.00000
0.00000
0.00007
0.00001
0.00000
0.00000
0.00000
0.00000
0.00000
0.00000
0.00218
0.02714
0.00712
0.00000
0.00001
0.00015
0.00000
0.00000
0.00000
0.00000
0.00000
0.00000
0.00000
0.00232
0.00082
0.00730
0.00000
0.00000
0.00000
0.00000
0.00000
0.00000
0.00000
0.00000
0.00000
0.00000
0.00000
0.00000
0.00000
0.00000
0.00000
0.00000
0.00000
0.00000
0.00000
0.00000
0.00000
0.00000
0.00000
0.00000
0.00000
