0.00029
0.00000
0.00000
0.00094
0.00004
0.00015
0.00001
0.00000
0.00001
0.00000
0.00000
0.00036
0.00180
0.00004
0.00000
0.00000
0.00000
0.00004
0.00000
0.00000
0.00000
0.00000
0.00000
0.00000
0.00000
0.00000
0.00000
0.00000
0.00000
0.00000
0.00000
0.00000
0.00000
0.00000
0.00000
0.00000
0.00000
0.00000
0.00000
0.00000
0.00000
0.00000
0.00000
0.00000
0.00000
0.00000
0.00000
0.00000
0.00000
0.00000
0.00694
0.00078
0.00104
0.00000
0.00000
0.00000
0.00009
0.01317
0.09204
0.00000
0.00000
0.00000
0.00000
0.05832
0.00078
0.03907
0.00000
0.00000
0.05353
0.18972
0.04515
0.00000
0.00000
0.02140
0.00000
0.00924
0.10681
0.00000
0.00000
0.00589
0.03483
0.01815
0.00000
0.00000
0.00004
0.00000
0.00000
0.00000
0.00000
0.00000
0.00000
0.00414
0.00351
0.00000
0.00000
0.00000
0.00000
0.00000
0.00000
0.00000
0.03876
0.02676
0.00010
0.00000
0.00000
0.00000
0.00000
0.00000
0.00000
0.00002
0.00305
0.00001
0.00000
0.00000
0.00000
0.00000
0.00000
0.00000
0.00000
0.00000
0.00000
0.00000
0.00000
0.00000
0.00000
0.00000
0.00002
0.01088
0.00000
0.00000
0.00000
0.00000
0.00000
0.00000
0.14838
0.00000
0.00000
0.00000
0.00000
0.00000
0.00000
0.00000
0.00002
0.00000
0.00000
0.01377
0.01410
0.00000
0.00000
0.00000
0.49339
0.02376
0.00766
0.14261
0.37165
0.00000
0.00000
0.00000
0.17502
0.04927
0.00000
0.00000
0.00000
0.04047
0.00255
0.23793
0.12340
0.00000
0.00000
0.00000
0.61634
0.12829
0.00000
0.00000
0.00000
0.00072
0.00000
0.00000
0.03788
0.00000
0.00000
0.33244
0.19906
0.07342
0.00404
0.00000
0.00004
0.00000
0.00000
0.00000
0.03028
0.40796
0.00000
0.00127
0.00377
0.00054
0.00000
0.00000
0.00000
0.00498
0.04863
0.05286
0.00000
0.00000
0.00000
0.00000
0.00000
0.00000
0.00000
0.00003
0.00000
0.00000
0.00000
0.00000
0.00000
0.00000
0.00000
0.00000
0.00000
0.00248
0.00019
0.00029
0.00013
0.00000
0.00091
0.04027
0.00017
0.00000
0.00000
0.00000
0.00000
0.00000
0.00000
0.00000
0.00000
0.00000
0.05527
0.00000
0.00000
0.00000
0.00000
0.00000
0.00000
0.00000
0.00100
0.00000
0.00000
0.00000
0.00000
0.00000
0.00000
0.00000
0.00000
0.00000
0.00000
0.00000
0.00000
0.00000
0.00000
0.00360
0.08982
0.00000
0.00000
0.00000
0.00000
0.00000
0.00000
1.00000
0.00000
0.00000
0.00000
0.00000
0.00012
0.00000
0.00057
0.08282
0.00000
0.00000
0.00000
0.00000
0.00000
0.03774
0.89009
0.00000
0.00000
0.00000
0.04572
0.00000
0.00000
0.00000
0.01623
0.03146
0.00000
0.00000
0.00000
0.00000
0.00000
0.30457
0.04764
0.00000
0.00000
0.00000
0.00000
0.00000
0.00843
0.33228
0.71010
0.00000
0.00000
0.00000
0.00000
0.02985
0.01856
0.00058
0.00000
0.00004
0.07758
0.28596
0.00044
0.00000
0.00000
0.00280
0.00008
0.00000
0.00000
0.00000
0.00000
0.00166
0.00509
0.00000
0.00000
0.00000
0.00000
0.00000
0.00000
0.00000
0.00000
0.00000
0.00003
0.00941
0.02101
0.00900
0.00002
0.00000
0.00227
0.01479
0.02804
0.02422
0.02230
0.00000
0.00000
0.09512
0.18791
0.00031
0.00000
0.00000
0.00000
0.00000
0.00000
0.00000
0.00000
0.35307
0.00000
0.00000
0.00000
0.62345
0.00000
0.00000
0.00000
0.00000
0.00000
0.00000
0.00000
0.00000
0.00000
0.00000
0.00000
0.00000
0.00000
0.49458
0.98778
0.02555
0.00000
0.00000
0.00000
0.00000
0.00000
0.00000
0.15893
0.00000
0.00000
0.00000
0.00000
0.00000
0.00000
1.00000
0.49538
0.00000
0.00000
0.00000
0.00000
0.00001
0.00542
0.04099
0.23819
0.00000
0.00000
0.00000
0.00010
0.00000
0.00000
0.13121
0.47087
0.00000
0.00000
0.00002
0.00002
0.00000
0.00000
0.00000
0.05731
0.31214
0.00000
0.00000
0.00000
0.00000
0.00000
0.00000
0.00000
0.03679
0.00000
0.00000
0.00068
0.00000
0.00000
0.00225
0.12170
0.00000
0.00000
0.00000
0.00000
0.00000
0.00000
0.15011
0.03598
0.01050
0.00048
0.00000
0.00000
0.00002
0.00082
0.00000
0.00000
0.00539
0.00000
0.00000
0.14291
0.00479
0.00001
0.00000
0.00000
0.00000
0.00000
0.12732
0.06302
0.00775
0.00062
0.00000
0.00000
0.00000
0.00000
0.00002
0.00000
0.00000
0.00000
0.00000
0.00000
0.00000
0.00000
0.00009
0.00000
0.00000
0.00000
0.00000
0.00000
0.00000
0.00000
0.00012
0.04269
0.04380
0.00000
0.00000
0.00000
0.01647
0.03324
0.00022
0.00000
0.00000
0.00000
0.00000
0.00702
0.37270
0.00023
0.00000
0.00000
0.00000
0.17482
0.18957
0.05653
0.00032
0.00000
0.00000
0.00000
0.00000
0.00000
0.00000
0.12672
0.00000
0.00000
0.00000
0.75878
0.52759
0.00000
0.00000
0.00000
0.00000
0.00425
0.00000
0.00000
0.00000
0.00031
0.00000
0.00000
0.00002
0.00000
0.00000
0.00000
0.96321
0.00000
0.00000
0.00000
0.00000
0.00000
0.00153
0.06354
0.02524
0.00833
0.56003
0.01761
0.00000
0.36303
0.00000
0.00000
0.00000
0.06156
0.00000
0.00000
0.00000
0.00433
0.00000
0.00029
0.00298
0.03991
0.31767
0.81706
0.50720
0.00000
0.01015
0.00000
0.00000
0.00000
0.00000
0.00000
0.00000
0.12814
0.00044
0.00000
0.00000
0.00000
0.17686
0.19524
0.00000
0.00000
0.25622
0.00000
0.00000
0.00046
0.00000
0.00000
0.00000
0.00681
0.00000
0.00000
0.00066
0.02644
0.00000
0.00000
0.00000
0.10680
0.00000
0.00000
0.38667
0.09247
0.00072
0.00000
0.00000
0.00102
0.00014
0.00000
0.00000
0.36556
0.01250
0.01780
0.00949
0.00000
0.00000
0.00000
0.00036
0.00154
0.00029
0.00000
0.00000
0.00000
0.00000
0.00000
0.00000
0.00000
0.00000
0.00000
0.00000
0.00000
0.00000
0.00000
0.00000
0.00002
0.00383
0.00162
0.00000
0.00000
0.00000
0.00000
0.00000
0.00000
0.00000
0.00000
0.00000
0.00000
0.00000
0.00000
0.02357
0.08584
0.03082
0.00000
0.00000
0.00000
0.00274
0.00161
0.00000
0.00000
0.00009
0.00000
0.00000
0.00000
0.00000
0.00000
0.00000
0.00000
0.19660
0.00016
0.00000
0.00000
0.20097
0.03331
0.00144
0.00108
0.00001
0.00828
0.00000
0.00000
0.00000
0.00000
0.00000
0.00000
0.00000
0.32758
0.23918
0.00337
0.45572
0.39037
0.14554
0.00000
0.00000
0.00169
0.01414
0.31535
0.00000
0.00000
0.00000
0.00000
0.83338
0.77872
0.55048
0.10902
0.00000
0.00001
0.00000
0.00000
0.00000
0.01430
0.00007
0.00117
0.04378
0.00000
0.00000
0.63370
0.75026
0.00000
0.00000
0.93708
0.00000
0.00000
0.00000
0.00000
0.00000
0.00000
0.00000
0.00000
0.00000
0.00001
0.00000
0.00000
0.25160
0.00000
0.00000
0.00000
0.55836
0.00000
0.00000
0.00000
0.00000
0.00000
0.00000
0.00000
0.00000
0.00000
0.13602
0.00000
0.00000
0.00000
0.00000
0.00000
0.00000
0.00000
0.16283
0.00655
0.00000
0.00000
0.00000
0.00006
0.00463
0.00000
0.00000
0.00000
0.00000
0.00000
0.00000
0.01061
0.00019
0.00000
0.00351
0.00040
0.00005
0.00000
0.00000
0.00000
0.00000
0.00000
0.00000
0.00000
0.00000
0.00623
0.00244
0.00095
0.00000
0.00000
0.00000
0.00000
0.00000
0.00000
0.00000
0.00000
0.00000
0.00000
0.00000
0.00175
0.02849
0.02305
0.03103
0.00034
0.00000
0.00000
0.00000
0.00000
0.00000
0.00000
0.00000
0.00000
0.00000
0.01212
0.00000
0.00000
0.00000
0.00000
0.18627
0.00000
0.00036
0.00005
0.00010
0.00000
0.00036
0.00009
0.00006
0.00000
0.00000
0.00003
0.00010
0.05300
0.00000
0.00000
0.00000
0.00000
0.00997
0.02792
0.00310
0.00137
0.01642
0.02134
0.03327
0.00354
0.00261
0.00032
0.00000
0.00000
0.00000
0.33494
0.00000
0.00000
0.00000
0.00000
0.58983
0.48725
0.19862
0.08237
0.10298
0.23935
0.02014
0.00000
0.00000
0.00019
0.00000
0.00000
0.35107
0.00041
0.00178
0.74232
0.01529
0.00000
0.00000
0.77314
0.61311
0.00025
0.00000
0.00000
0.00000
0.00000
0.00000
0.00000
0.00194
0.02885
0.00000
0.00000
0.72018
0.00000
0.00000
0.00000
0.23999
0.00000
0.00000
0.00000
0.00000
0.00000
0.00000
0.00000
0.00000
0.00000
0.00016
0.01413
0.00000
0.00000
0.00000
0.00000
0.00000
0.00000
0.00000
0.02318
0.00872
0.00000
0.00000
0.00000
0.00000
0.00012
0.00000
0.00000
0.00000
0.00000
0.00000
0.00000
0.00864
0.00039
0.00000
0.00000
0.00000
0.00004
0.00000
0.00000
0.00000
0.00000
0.00000
0.00000
0.00000
0.00000
0.00000
0.00000
0.00000
0.00000
0.00000
0.00000
0.00000
0.00000
0.00000
0.01493
0.00989
0.00048
0.00000
0.00000
0.00000
0.00000
0.00000
0.00000
0.00000
0.00000
0.00000
0.00001
0.02315
0.00000
0.00000
0.00000
0.06445
0.02606
0.00013
0.00000
0.00000
0.00000
0.00000
0.00000
0.00000
0.00000
0.00000
0.00000
0.00000
0.00000
0.00000
0.00000
0.00000
0.16709
0.09841
0.00061
0.00000
0.00000
0.00000
0.00000
0.00000
0.00000
0.00000
0.00000
0.00000
0.00000
0.00000
0.00000
0.00000
0.00071
0.41753
0.38169
0.09039
0.00801
0.01507
0.02144
0.01500
0.01062
0.00025
0.00001
0.00000
0.00000
0.00000
0.01212
0.64701
0.68631
0.84510
0.10608
0.00000
0.53612
0.64002
0.60615
0.00000
0.00000
0.00000
0.00003
0.00000
0.00010
0.01719
0.11337
0.23814
0.56321
0.65398
0.00000
0.00000
0.00000
0.92008
0.00000
0.00000
0.00000
0.00000
0.01822
0.00000
0.00000
0.00000
0.00149
0.02647
0.03959
0.01810
0.00000
0.00000
0.00000
0.00000
0.00000
0.00000
0.00000
0.01066
0.00115
0.00000
0.00000
0.00000
0.00007
0.00004
0.00000
0.00000
0.00000
0.00000
0.00000
0.00193
0.00000
0.00000
0.00000
0.00000
0.00000
0.00000
0.00000
0.00000
0.00000
0.00000
0.00000
0.00000
0.00000
0.00000
0.00000
0.00000
0.00000
0.00000
0.00000
0.00000
0.00000
0.00000
0.00000
0.00000
0.00000
0.00000
0.00243
0.02852
0.03446
0.00147
0.00000
0.00001
0.00000
0.00000
0.00000
0.00000
0.00000
0.00000
0.00000
0.00000
0.00105
0.00000
0.00000
0.00219
0.00000
0.00287
0.04376
0.00720
0.00000
0.00000
0.00000
0.00000
0.00000
0.00000
0.00000
0.00000
0.00000
0.00000
0.00000
0.00012
0.19008
0.27069
0.01772
0.00000
0.00000
0.00179
0.00000
0.00000
0.00000
0.00000
0.00000
0.00000
0.00000
0.14269
0.81887
0.72924
0.01481
0.00000
0.00000
0.00000
0.06101
0.00000
0.00000
0.00289
0.00001
0.00410
0.00232
0.00000
0.47629
0.67186
0.54353
0.00000
0.00000
0.00000
0.02330
0.00000
0.00000
0.00000
0.00029
0.00008
0.00000
0.00035
0.01041
0.06749
0.19288
0.00431
0.00000
0.00000
0.00000
0.06086
0.00000
0.00000
0.00000
0.00000
0.00000
0.00000
0.00010
0.00040
0.00032
0.01512
0.00000
0.00000
0.00000
0.00000
0.00000
0.00000
0.00000
0.00000
0.00000
0.00000
0.00000
0.00000
0.00000
0.00000
0.00000
0.00000
0.00000
0.00000
0.00000
0.00000
0.00004
0.00001
0.00000
0.00000
0.00000
0.00000
0.00000
0.00000
0.00000
0.00033
0.00191
0.00124
0.01267
0.00294
0.00046
0.00001
0.00000
0.00000
0.00000
0.00000
0.00000
0.00000
0.00000
0.00000
0.07298
0.26349
0.09537
0.00000
0.00000
0.00000
0.00000
0.00000
0.00000
0.00000
0.00000
0.00000
0.00000
0.00000
0.00000
0.59973
0.00000
0.00000
0.00000
0.00000
0.00000
0.00000
0.00002
0.00000
0.00000
0.00000
0.00000
0.00000
0.00000
0.68642
0.00000
0.00000
0.00000
0.00000
0.00000
0.00000
0.00000
0.00450
0.00000
0.00000
0.01267
0.00000
0.00000
0.00000
0.00000
0.00000
0.00000
0.00007
0.00000
0.00000
0.00000
0.00000
0.00000
0.00000
0.00000
0.00000
0.00000
0.00000
0.00000
0.00000
0.00000
0.00000
0.00000
0.00000
0.00000
0.00000
0.00000
0.00000
0.00000
0.00000
0.00002
0.00001
0.00039
0.00019
0.00000
0.00000
0.00000
0.00000
0.00000
0.00000
0.00009
0.00002
0.12776
0.12729
0.12417
0.03235
0.00000
0.00000
0.00000
0.00000
0.00000
0.00000
0.00000
0.27723
0.01251
0.00000
0.00000
0.00000
0.00000
0.00003
0.00000
0.00000
0.00000
0.00000
0.00000
0.00000
0.00000
0.00000
0.00000
0.00050
0.00000
0.00000
0.00000
0.00000
0.00000
0.00000
0.00000
0.00000
0.00000
0.00000
0.00000
0.00000
0.00000
0.00000
0.00000
0.00000
0.00000
0.00000
0.00000
0.00000
0.00000
0.00000
0.00000
0.00000
0.00000
0.00000
0.00000
0.00000
0.00000
0.00000
0.00023
0.00581
0.00816
0.00053
0.00000
0.00007
0.00000
0.00000
0.00015
0.02969
0.00000
0.00000
0.00000
0.00758
0.00352
0.00055
0.00000
0.00000
0.00000
0.00000
0.00000
0.00000
0.00000
0.00000
0.00000
0.00000
0.00000
0.00000
0.00000
0.00000
0.00000
0.00000
0.00000
0.00000
0.00000
0.00000
0.00000
0.00000
0.00000
0.00000
0.00000
