0.00005
0.00000
0.00056
0.00015
0.00000
0.00008
0.00006
0.00000
0.00000
0.00000
0.00000
0.00032
0.00062
0.00002
0.00000
0.00000
0.00000
0.00000
0.00000
0.00000
0.00000
0.00000
0.00000
0.00000
0.00000
0.00000
0.00000
0.00000
0.00000
0.00000
0.00000
0.00000
0.00000
0.00000
0.00000
0.00000
0.00000
0.00000
0.00000
0.00000
0.00000
0.00000
0.00000
0.00000
0.00000
0.00000
0.00000
0.00000
0.00000
0.00005
0.00549
0.00000
0.00163
0.00000
0.00000
0.00000
0.00498
0.00316
0.07914
0.00000
0.00000
0.00000
0.00000
0.01263
0.00000
0.06450
0.00000
0.00000
0.03207
0.23257
0.01361
0.00000
0.00000
0.00493
0.00000
0.00000
0.00000
0.00000
0.00000
0.00415
0.07333
0.03544
0.00000
0.00000
0.00001
0.00000
0.00000
0.00000
0.00000
0.00000
0.00000
0.01206
0.01042
0.00001
0.00030
0.00001
0.00000
0.00000
0.00000
0.00409
0.02562
0.02419
0.00074
0.00000
0.00000
0.00000
0.00000
0.00000
0.00000
0.00032
0.00113
0.00003
0.00000
0.00000
0.00000
0.00000
0.00000
0.00000
0.00000
0.00000
0.00000
0.00000
0.00000
0.00000
0.00000
0.00000
0.00027
0.02749
0.00000
0.00000
0.00000
0.00000
0.00384
0.00061
0.06533
0.00000
0.00000
0.00000
0.00000
0.00509
0.00135
0.00000
0.00000
0.00005
0.00000
0.00366
0.00000
0.00000
0.00000
0.00000
0.28229
0.00470
0.00000
0.00000
0.24811
0.00000
0.00000
0.00000
0.79896
0.00011
0.00000
0.00000
0.00056
0.00443
0.00051
0.00000
0.00000
0.00000
0.00000
0.00000
0.72154
0.00000
0.00000
0.00000
0.00000
0.00000
0.00000
0.00000
0.00000
0.00000
0.00000
0.14319
0.30580
0.18394
0.00000
0.00000
0.00002
0.00000
0.00000
0.00000
0.09642
0.37008
0.00000
0.00000
0.01514
0.01831
0.00291
0.00000
0.00000
0.00747
0.06871
0.01578
0.00000
0.00000
0.00000
0.00000
0.00000
0.00000
0.00000
0.00023
0.00006
0.00000
0.00000
0.00000
0.00000
0.00000
0.00000
0.00000
0.00000
0.00019
0.00000
0.00060
0.00097
0.00010
0.00027
0.07697
0.01875
0.00000
0.00000
0.00000
0.00000
0.00000
0.00007
0.00000
0.00000
0.00000
0.00685
0.00000
0.00000
0.00000
0.00000
0.00000
0.00000
0.00000
0.00169
0.00000
0.00000
0.00000
0.00000
0.00000
0.00000
0.00000
0.00000
0.00000
0.00000
0.00000
0.10600
0.00000
0.00000
0.00989
0.00000
0.00000
0.00000
0.00000
0.00000
0.00000
0.00000
0.65200
0.00000
0.00000
0.10581
0.07324
0.00002
0.00000
0.00601
0.17269
0.05518
0.00000
0.00000
0.00000
0.00000
0.01062
0.99605
0.00000
0.00000
0.00000
0.02274
0.00000
0.00000
0.00001
0.13109
0.34383
0.01821
0.01139
0.00000
0.00000
0.00000
0.56140
0.00000
0.00000
0.00000
0.00002
0.00000
0.00000
0.02271
0.18926
0.25772
0.00000
0.00000
0.00000
0.00000
0.16466
0.05724
0.00005
0.00000
0.00045
0.00000
0.00000
0.00000
0.00000
0.00000
0.01672
0.00363
0.00000
0.00000
0.00000
0.00000
0.00089
0.00716
0.00000
0.00000
0.00000
0.00000
0.00000
0.00000
0.00000
0.00000
0.00000
0.00003
0.00259
0.00110
0.00054
0.00021
0.00000
0.01534
0.05952
0.05588
0.02999
0.00820
0.00000
0.00000
0.15336
0.06603
0.00000
0.00000
0.00000
0.00000
0.04900
0.01415
0.00000
0.00000
0.00000
0.00000
0.00000
0.61445
0.00000
0.00000
0.00000
0.00000
0.00000
0.00000
0.00000
0.00009
0.00000
0.00000
0.00000
0.00000
0.00000
0.00000
0.96281
0.47098
0.00000
0.00000
0.00000
0.00000
0.00000
0.00169
0.00000
0.51630
0.00000
0.00000
0.00000
0.00000
0.00000
0.02146
1.00000
0.00000
0.00000
0.00000
0.26506
0.00000
0.00000
0.00120
0.08620
0.63807
0.00000
0.00000
0.00000
0.00240
0.00000
0.00000
0.31478
0.00000
0.00000
0.00000
0.00983
0.00001
0.00000
0.00000
0.00000
0.06246
0.54770
0.00000
0.00000
0.00000
0.00000
0.00000
0.00000
0.00072
0.00000
0.00000
0.00001
0.00099
0.00000
0.00000
0.00250
0.21579
0.00000
0.00000
0.00000
0.00000
0.00000
0.00000
0.00006
0.00000
0.01821
0.01055
0.00000
0.00000
0.00024
0.00069
0.00000
0.00000
0.00000
0.00000
0.00773
0.12240
0.00885
0.00014
0.00002
0.00005
0.00000
0.00000
0.14271
0.06707
0.00265
0.00016
0.00000
0.00000
0.00000
0.00000
0.00000
0.00000
0.00000
0.00000
0.00000
0.00000
0.00000
0.00000
0.00000
0.00000
0.00000
0.00000
0.00000
0.00000
0.00000
0.00000
0.14975
0.10537
0.00000
0.00000
0.00000
0.01613
0.01422
0.00267
0.00000
0.00000
0.00000
0.00000
0.00000
0.00226
0.75900
0.00000
0.00000
0.00000
0.14149
0.11850
0.08531
0.00000
0.00000
0.00000
0.00000
0.00000
0.00000
0.00000
0.00000
0.01055
0.00000
0.00000
0.02437
0.47022
0.27234
0.00000
0.00118
0.00000
0.00000
0.00212
0.00000
0.00000
0.00000
0.07142
0.00000
0.00000
0.00000
0.00000
0.00000
0.72111
0.73526
0.00000
0.00000
0.00000
0.00000
0.00015
0.00000
0.03267
0.00000
0.00000
0.12818
0.00000
0.00000
0.00000
0.00000
0.00000
0.00000
0.00518
0.00000
0.00000
0.00000
0.00000
0.00000
0.00000
0.00096
0.05271
0.33678
0.80015
0.00000
0.00000
0.00000
0.00000
0.00000
0.00000
0.00000
0.00000
0.00000
0.00000
0.00009
0.00000
0.00000
0.00879
0.18324
0.01386
0.00000
0.00000
0.02516
0.00000
0.00000
0.15311
0.00000
0.00000
0.00000
0.05198
0.00000
0.00000
0.00052
0.01739
0.00000
0.00000
0.00000
0.24719
0.00187
0.04016
0.29691
0.05449
0.00000
0.00028
0.00000
0.00014
0.00001
0.00000
0.00069
0.27196
0.13478
0.01983
0.00152
0.00000
0.00000
0.00000
0.00003
0.00001
0.00000
0.00000
0.00000
0.00000
0.00000
0.00000
0.00001
0.00000
0.00000
0.00000
0.00000
0.00000
0.00000
0.00000
0.00000
0.00000
0.06785
0.00000
0.00000
0.00000
0.00000
0.00000
0.00000
0.00000
0.00000
0.00000
0.00000
0.00000
0.00000
0.00000
0.00000
0.43133
0.00000
0.00000
0.00000
0.00007
0.00051
0.00250
0.00013
0.00000
0.00201
0.00000
0.00000
0.00000
0.00000
0.00000
0.00000
0.00000
0.15974
0.00000
0.00000
0.10240
0.02748
0.00973
0.03111
0.01608
0.00000
0.00980
0.00085
0.00000
0.00000
0.00000
0.00000
0.00000
0.00000
0.67904
0.00000
0.00001
0.28252
0.15952
0.05612
0.02179
0.00000
0.00032
0.00391
0.13032
0.00000
0.00000
0.00000
0.00000
0.94892
0.94678
1.00000
0.83234
0.00000
0.40405
0.00000
0.00000
0.00000
0.00000
0.00000
0.00000
0.01169
0.18040
0.00113
0.00000
0.04390
0.00000
0.00000
1.00000
0.00000
0.00000
0.00000
0.00000
0.00000
0.00000
0.00000
0.00001
0.00000
0.00000
0.00000
0.00000
0.00000
0.00000
0.00000
0.00000
0.00000
0.00000
0.00000
0.00000
0.00007
0.00000
0.00000
0.00000
0.00000
0.00000
0.00340
0.00000
0.00000
0.00000
0.00000
0.00000
0.00000
0.17095
0.18172
0.00670
0.00000
0.00000
0.00000
0.00003
0.00163
0.00000
0.00000
0.01280
0.00447
0.00000
0.02236
0.00489
0.00044
0.00000
0.00031
0.00000
0.00000
0.00000
0.00000
0.00000
0.00000
0.00000
0.00000
0.00000
0.00005
0.00000
0.00000
0.00000
0.00665
0.00157
0.00000
0.00000
0.00000
0.00000
0.00000
0.00000
0.00038
0.00000
0.00000
0.00007
0.00000
0.00000
0.00000
0.03143
0.02093
0.00015
0.00000
0.00000
0.00000
0.00000
0.00000
0.00000
0.00001
0.02434
0.00000
0.00000
0.00000
0.00000
0.00000
0.00000
0.00000
0.04359
0.01855
0.00231
0.00011
0.00000
0.00000
0.00000
0.00000
0.00000
0.00000
0.00071
0.00000
0.00000
0.00000
0.00000
0.00000
0.00016
0.13102
0.11719
0.03103
0.02922
0.00301
0.00007
0.00082
0.00042
0.00000
0.00000
0.00000
0.15359
0.00000
0.00000
0.00000
0.00000
0.94476
0.82506
0.75612
0.55703
0.19702
0.19367
0.07326
0.00000
0.00000
0.00099
0.00000
0.00030
0.33693
0.01663
0.00000
0.05714
0.00000
0.00000
0.00000
1.00000
0.33333
0.00000
0.00000
0.00071
0.00000
0.00000
0.00000
0.00000
0.00130
0.01709
0.00000
0.00000
0.00000
0.00000
0.00000
0.00000
0.00000
0.00000
0.00000
0.00000
0.00000
0.00000
0.00000
0.00000
0.00000
0.00000
0.00000
0.00018
0.00000
0.00000
0.00058
0.00000
0.00000
0.00000
0.00000
0.30879
0.01824
0.00000
0.00000
0.00000
0.00001
0.00616
0.00000
0.00000
0.00000
0.00000
0.00000
0.00056
0.00280
0.00137
0.00000
0.00000
0.00000
0.00000
0.00000
0.00000
0.00000
0.00000
0.00000
0.00000
0.00000
0.00000
0.00001
0.00000
0.00000
0.00000
0.00000
0.00000
0.00006
0.00000
0.00000
0.03279
0.02132
0.00951
0.00006
0.00000
0.00000
0.00000
0.00000
0.00000
0.00000
0.00000
0.00000
0.00043
0.00000
0.00000
0.00000
0.04080
0.13715
0.06128
0.00502
0.00010
0.00000
0.00000
0.00000
0.00000
0.00000
0.00000
0.00000
0.00000
0.00000
0.00000
0.00000
0.00000
0.00000
0.28793
0.19721
0.01088
0.00032
0.00094
0.00011
0.00000
0.00000
0.00000
0.00000
0.00000
0.00000
0.00000
0.00000
0.00000
0.00000
0.00000
0.68414
0.78647
0.08132
0.00000
0.06369
0.08763
0.00827
0.00241
0.00012
0.00000
0.00000
0.00004
0.00008
0.45998
0.61275
0.07527
0.92766
1.00000
0.00388
0.00000
0.00000
0.76625
0.00105
0.00000
0.00000
0.01790
0.00010
0.00000
0.00352
0.11635
0.16078
0.02170
0.74880
0.00000
0.00000
0.00005
0.04671
0.00000
0.00000
0.00000
0.00000
0.01525
0.00007
0.00000
0.00000
0.00031
0.00973
0.03661
0.27365
0.00000
0.00000
0.00000
0.00000
0.00000
0.00000
0.00000
0.00001
0.00220
0.00000
0.00000
0.00000
0.00054
0.00169
0.04175
0.00000
0.00000
0.00000
0.00000
0.00021
0.00000
0.00000
0.00000
0.00000
0.00000
0.00000
0.00000
0.00000
0.00000
0.00000
0.00000
0.00000
0.00000
0.00000
0.00000
0.00001
0.00004
0.00000
0.00000
0.00000
0.00000
0.00000
0.00000
0.00000
0.00000
0.00000
0.00086
0.02759
0.05780
0.00604
0.00013
0.00003
0.00000
0.00000
0.00000
0.00000
0.00000
0.00000
0.00000
0.00000
0.00038
0.00000
0.00000
0.02173
0.00000
0.00151
0.01177
0.02218
0.00106
0.00000
0.00000
0.00000
0.00000
0.00000
0.00000
0.00000
0.00000
0.00000
0.00299
0.00000
0.03928
0.21382
0.00000
0.00000
0.00000
0.00008
0.00073
0.00001
0.00000
0.00000
0.00710
0.00000
0.00000
0.67067
0.93966
0.89053
0.00000
0.00000
0.00000
0.00000
0.00000
0.11632
0.00002
0.00043
0.00000
0.00130
0.00000
0.00000
0.52290
0.71023
0.56385
0.00000
0.00000
0.00000
0.00000
0.03147
0.00000
0.00000
0.00000
0.00001
0.00000
0.00000
0.00284
0.05648
0.24112
0.00051
0.00000
0.00000
0.00000
0.00000
0.00000
0.00000
0.00000
0.00000
0.00000
0.00000
0.00024
0.00003
0.00062
0.00439
0.00000
0.00000
0.00000
0.00000
0.00000
0.00000
0.00000
0.00000
0.00000
0.00000
0.00000
0.00000
0.00000
0.00000
0.00000
0.00000
0.00000
0.00000
0.00000
0.00000
0.00063
0.00001
0.00000
0.00000
0.00000
0.00000
0.00000
0.00000
0.00000
0.00000
0.00000
0.00000
0.04901
0.00614
0.00010
0.00000
0.00000
0.00000
0.00000
0.00000
0.00000
0.00000
0.00000
0.00000
0.36808
0.45987
0.19194
0.00235
0.00000
0.00000
0.00000
0.00000
0.00000
0.00000
0.00000
0.00000
0.00000
0.00000
0.09605
0.90999
0.64878
0.00000
0.00000
0.00000
0.00000
0.00000
0.00002
0.00000
0.00000
0.00007
0.00000
0.00000
0.00000
0.70717
0.00000
0.00000
0.00000
0.00000
0.00000
0.00000
0.00000
0.00359
0.00000
0.00000
0.00771
0.00000
0.00000
0.00000
0.00000
0.00000
0.00000
0.00026
0.00000
0.00000
0.00000
0.00000
0.00000
0.00000
0.00000
0.00000
0.00000
0.00000
0.00000
0.00000
0.00000
0.00000
0.00000
0.00000
0.00000
0.00000
0.00000
0.00000
0.00000
0.00000
0.00070
0.00817
0.00486
0.00084
0.00001
0.00000
0.00000
0.00000
0.00000
0.00000
0.00000
0.00000
0.05344
0.30749
0.17769
0.10478
0.01646
0.00314
0.00007
0.00000
0.00000
0.00000
0.00000
0.00004
0.00000
0.00000
0.00000
0.00000
0.00156
0.00132
0.00000
0.00002
0.00000
0.00000
0.00000
0.00000
0.00000
0.00000
0.00724
0.00484
0.00000
0.00000
0.00000
0.00000
0.00000
0.00000
0.00000
0.00000
0.00000
0.00000
0.00000
0.00000
0.00000
0.00000
0.00000
0.00000
0.00000
0.00000
0.00000
0.00000
0.00000
0.00000
0.00000
0.00000
0.00000
0.00000
0.00000
0.00000
0.00000
0.00000
0.00020
0.02389
0.00099
0.00000
0.00000
0.00015
0.00000
0.00000
0.00007
0.03328
0.00000
0.00000
0.00000
0.00000
0.00055
0.01001
0.00000
0.00000
0.00000
0.00000
0.00000
0.00000
0.00000
0.00000
0.00000
0.00000
0.00000
0.00000
0.00000
0.00000
0.00000
0.00000
0.00000
0.00000
0.00000
0.00059
0.00000
0.00000
0.00000
0.00000
0.00000
