0.00045
0.00000
0.00000
0.00436
0.00013
0.00002
0.00081
0.00000
0.00001
0.00000
0.00011
0.00502
0.00677
0.00023
0.00033
0.00000
0.00000
0.00000
0.00000
0.00000
0.00003
0.00001
0.00044
0.00008
0.00000
0.00000
0.00000
0.00000
0.00000
0.00000
0.00000
0.00000
0.00000
0.00000
0.00000
0.00000
0.00000
0.00000
0.00000
0.00000
0.00000
0.00000
0.00000
0.00000
0.00000
0.00000
0.00000
0.00000
0.00000
0.00000
0.00275
0.00011
0.00000
0.00000
0.00000
0.00000
0.00157
0.00808
0.06242
0.00000
0.00000
0.00000
0.00000
0.05788
0.00005
0.02269
0.00557
0.00000
0.02731
0.35849
0.02259
0.00000
0.00000
0.04343
0.00000
0.00125
0.03730
0.00000
0.00000
0.00008
0.18110
0.11993
0.00000
0.00000
0.00000
0.00000
0.00000
0.00000
0.00031
0.00685
0.00000
0.00873
0.02254
0.00367
0.00323
0.00000
0.00005
0.00000
0.00000
0.00294
0.00802
0.01535
0.00050
0.00000
0.00000
0.00000
0.00000
0.00000
0.00000
0.00000
0.00042
0.00000
0.00000
0.00000
0.00000
0.00000
0.00000
0.00000
0.00000
0.00000
0.00000
0.00000
0.00000
0.00002
0.00000
0.00049
0.00030
0.04505
0.00000
0.00000
0.00000
0.00000
0.00001
0.00005
0.03930
0.00000
0.00000
0.00000
0.00000
0.20809
0.00686
0.00000
0.00085
0.00000
0.00000
0.00000
0.00000
0.00000
0.00000
0.00000
0.41472
0.02147
0.00454
0.11040
0.38911
0.00000
0.00000
0.00000
0.00012
0.00230
0.00000
0.00000
0.00078
0.00977
0.00019
0.00000
0.31578
0.00000
0.00000
0.00000
0.84344
0.00472
0.00000
0.00000
0.00000
0.00259
0.00000
0.00000
0.00000
0.00000
0.00000
0.00051
0.22549
0.28946
0.00000
0.00000
0.00000
0.00160
0.00000
0.00000
0.00000
0.45455
0.00085
0.00512
0.02164
0.04363
0.01414
0.00000
0.00013
0.00632
0.07212
0.06134
0.00000
0.00000
0.00002
0.00000
0.00000
0.00000
0.00000
0.00002
0.00002
0.00000
0.00000
0.00000
0.00000
0.00000
0.00000
0.00000
0.00000
0.00036
0.00982
0.00351
0.00000
0.00000
0.00049
0.00000
0.03589
0.00425
0.00000
0.00000
0.00000
0.00000
0.00000
0.00000
0.00000
0.00000
0.00000
0.00000
0.00000
0.00000
0.00000
0.00000
0.00000
0.00067
0.00043
0.00000
0.00000
0.00000
0.00000
0.00000
0.00000
0.00000
0.00000
0.00000
0.00003
0.00000
0.00014
0.00000
0.00000
0.00459
0.19405
0.36437
0.00000
0.00000
0.00000
0.00000
0.00000
0.98747
0.03733
0.00777
0.00000
0.00000
0.00000
0.00000
0.00433
0.20245
0.12960
0.00000
0.00000
0.00000
0.00000
0.00000
0.30623
0.00000
0.00000
0.00000
0.00000
0.00000
0.00000
0.00007
0.00035
0.00000
0.02431
0.00000
0.00000
0.00000
0.00000
0.00121
0.00000
0.00000
0.00000
0.00317
0.00000
0.00000
0.02085
0.00000
0.67425
0.00000
0.00000
0.00000
0.00000
0.20380
0.07792
0.00000
0.00009
0.00296
0.00000
0.00133
0.00447
0.00000
0.00000
0.00730
0.00323
0.00043
0.00000
0.00000
0.00001
0.00669
0.01442
0.00000
0.00000
0.00000
0.00000
0.00000
0.00000
0.00000
0.00000
0.00000
0.00000
0.00586
0.01620
0.01180
0.00000
0.00000
0.00999
0.05128
0.03851
0.05337
0.00000
0.00000
0.00000
0.28990
0.00000
0.00000
0.00000
0.00000
0.00022
0.00093
0.00000
0.00005
0.00000
0.00000
0.00000
0.00000
0.38730
0.00000
0.00000
0.00000
0.00000
0.00000
0.00000
0.00000
0.00204
0.00000
0.00000
0.00000
0.00000
0.00000
0.00000
0.86358
0.77434
0.28153
0.00000
0.00045
0.00000
0.00000
0.00000
0.00000
0.81281
0.00000
0.00000
0.00000
0.00000
0.00000
0.00000
1.00000
0.99788
0.00000
0.00000
0.00000
0.00023
0.00000
0.00063
0.11598
0.86560
0.00000
0.00000
0.00000
0.00000
0.00000
0.00000
0.00000
0.99603
0.00000
0.00000
0.00000
0.00000
0.00000
0.00000
0.00030
0.09636
0.62978
0.08784
0.00000
0.00000
0.00000
0.00000
0.00000
0.00000
0.00000
0.00000
0.00000
0.00109
0.00000
0.00000
0.01296
0.17062
0.00000
0.00000
0.00000
0.00000
0.00000
0.00000
0.15716
0.00000
0.00007
0.00838
0.00000
0.00000
0.00065
0.00000
0.00000
0.00000
0.06082
0.00000
0.00000
0.10853
0.01417
0.00096
0.00017
0.00023
0.00000
0.00000
0.13047
0.02276
0.00196
0.00000
0.00000
0.00000
0.00000
0.00000
0.00000
0.00000
0.00000
0.00000
0.00000
0.00000
0.00000
0.00000
0.00000
0.00000
0.00001
0.00000
0.00000
0.00019
0.00000
0.00000
0.11615
0.05508
0.00084
0.00000
0.00000
0.02808
0.01840
0.00000
0.00000
0.00000
0.00000
0.00000
0.00000
0.00095
0.69225
0.00000
0.00000
0.00000
0.13963
0.03880
0.08036
0.00000
0.00000
0.00000
0.00000
0.00000
0.00000
0.00000
0.00000
0.00000
0.00000
0.00000
0.00000
0.30253
0.26039
0.17377
0.15374
0.00444
0.00000
0.00082
0.00000
0.00000
0.00000
0.01784
0.00000
0.00000
0.00000
0.00000
0.00000
0.00000
0.52751
0.51666
0.00000
0.00000
0.01906
0.00000
0.00048
0.04830
0.00050
0.00000
0.38242
0.00000
0.00000
0.00000
0.00671
0.00000
0.00000
0.04518
0.00000
0.00000
0.00000
0.00097
0.00000
0.00000
0.00507
0.07940
0.47422
0.96571
0.00000
0.00000
0.00000
0.00000
0.00000
0.00000
0.00000
0.00000
0.00000
0.00000
0.00093
0.00000
0.00000
0.01313
0.30803
0.00000
0.00000
0.00000
0.25095
0.00000
0.00000
0.00646
0.24919
0.00000
0.00000
0.04834
0.00000
0.00000
0.00064
0.05129
0.00000
0.00000
0.00000
0.00003
0.00000
0.52943
0.22577
0.08967
0.00263
0.00011
0.00000
0.00010
0.00000
0.00000
0.00017
0.25702
0.12857
0.02020
0.00269
0.00000
0.00000
0.00000
0.00012
0.00008
0.00000
0.00000
0.00000
0.00000
0.00000
0.00000
0.00000
0.00000
0.00000
0.00000
0.00000
0.00000
0.00000
0.00000
0.00000
0.00147
0.03866
0.00000
0.00000
0.00000
0.00000
0.00000
0.00000
0.00000
0.00000
0.00000
0.00094
0.00000
0.00000
0.00000
0.00000
0.27139
0.00013
0.00000
0.00000
0.00023
0.00004
0.00000
0.00000
0.00000
0.00052
0.00000
0.00000
0.00000
0.00000
0.00000
0.00000
0.00000
0.29823
0.00043
0.00000
0.00000
0.00317
0.00191
0.00506
0.00074
0.00000
0.00465
0.01284
0.00000
0.00000
0.00000
0.00000
0.00000
0.00000
0.31077
0.57313
0.00560
0.13853
0.07011
0.01931
0.00568
0.01323
0.00003
0.00228
0.16244
0.00000
0.00000
0.00000
0.00000
0.20883
0.36081
1.00000
0.84695
0.09969
0.00276
0.01802
0.00000
0.00000
0.00332
0.00014
0.00011
0.01631
0.00000
0.00013
0.00000
0.00000
0.00000
0.00000
1.00000
0.00634
0.00000
0.00000
0.00000
0.00000
0.00000
0.03776
0.00000
0.00000
0.00000
0.00000
0.00000
0.63964
0.00000
0.00000
0.00000
0.00000
0.00000
0.00000
0.00000
0.31911
0.00000
0.00000
0.00000
0.00000
0.00000
0.10571
0.00000
0.00000
0.00000
0.00000
0.00000
0.00000
0.46165
0.13492
0.00157
0.00000
0.00000
0.00000
0.00001
0.00082
0.00000
0.00000
0.16981
0.00000
0.00000
0.05207
0.00269
0.00000
0.00000
0.00095
0.00000
0.00000
0.00000
0.00000
0.00000
0.00000
0.00000
0.00000
0.00000
0.00015
0.00000
0.00000
0.00000
0.00630
0.00068
0.00000
0.00000
0.00000
0.00000
0.00000
0.00000
0.00029
0.00000
0.00000
0.00000
0.08567
0.00001
0.00000
0.02531
0.01771
0.00020
0.00000
0.00000
0.00000
0.00000
0.00000
0.00000
0.00007
0.03807
0.00000
0.00000
0.00000
0.00000
0.00000
0.00000
0.00000
0.01525
0.01214
0.00081
0.00006
0.00000
0.00000
0.00000
0.00000
0.00000
0.00000
0.09652
0.00000
0.00000
0.00000
0.00231
0.00000
0.00000
0.08441
0.08335
0.03502
0.01475
0.00149
0.00000
0.00000
0.00000
0.00000
0.00000
0.00000
0.63929
0.00000
0.00000
0.00000
0.00000
0.99790
0.83880
0.63836
0.51474
0.16613
0.19254
0.05862
0.00000
0.00002
0.00003
0.00000
0.01555
0.27109
0.00000
0.00000
0.00000
0.00000
0.00000
0.00000
1.00000
0.01233
0.00000
0.00000
0.00000
0.00000
0.00000
0.00024
0.00000
0.00021
0.00043
0.00000
0.00000
0.60238
0.00000
0.00000
0.00000
0.00000
0.00000
0.00000
0.00000
0.10305
0.00000
0.00000
0.00000
0.00000
0.00000
0.00000
0.07584
0.00000
0.00000
0.00000
0.00000
0.00000
0.00000
0.00121
0.16962
0.00000
0.00000
0.00000
0.00000
0.00000
0.00205
0.00000
0.00000
0.00000
0.00000
0.00000
0.00004
0.00236
0.00004
0.00000
0.00000
0.00000
0.00000
0.00000
0.00000
0.00000
0.00000
0.00000
0.00000
0.00000
0.00000
0.00023
0.00000
0.00000
0.00000
0.00000
0.00000
0.00108
0.00000
0.00000
0.00017
0.03442
0.01679
0.00035
0.00000
0.00000
0.00000
0.00000
0.00000
0.00000
0.00000
0.00000
0.00060
0.00000
0.00000
0.00000
0.00115
0.27206
0.22414
0.02100
0.00031
0.00000
0.00000
0.00000
0.00000
0.00000
0.00000
0.00000
0.00000
0.00000
0.00000
0.00003
0.00000
0.00000
0.44796
0.24440
0.01381
0.00019
0.00001
0.00000
0.00000
0.00000
0.00000
0.00000
0.00000
0.00000
0.00000
0.00033
0.00000
0.00000
0.00000
0.85277
0.87797
0.02837
0.00129
0.02120
0.03663
0.01261
0.00449
0.00001
0.00000
0.00000
0.00008
0.00090
0.47952
0.22935
0.00000
0.11642
0.25401
0.00000
0.00000
0.00000
0.58825
0.00000
0.00000
0.01590
0.00000
0.00000
0.00000
0.00462
0.09331
0.32366
0.58127
0.91191
0.00000
0.00000
0.00095
0.31828
0.00000
0.00000
0.00000
0.00000
0.00000
0.00000
0.00000
0.00000
0.00053
0.02277
0.14624
0.37366
0.00000
0.00000
0.00000
0.00000
0.00000
0.00000
0.00000
0.01546
0.00147
0.00000
0.00000
0.00000
0.00046
0.00077
0.02670
0.00000
0.00000
0.00000
0.00000
0.00003
0.00000
0.00000
0.00000
0.00000
0.00000
0.00000
0.00000
0.00000
0.00000
0.00000
0.00000
0.00000
0.00000
0.00000
0.00000
0.00042
0.00035
0.00003
0.00000
0.00000
0.00000
0.00000
0.00000
0.00000
0.00000
0.00002
0.00000
0.00027
0.10487
0.01527
0.00257
0.00116
0.00001
0.00000
0.00000
0.00000
0.00000
0.00000
0.00000
0.00000
0.00000
0.00000
0.00000
0.17584
0.00000
0.03144
0.02803
0.02635
0.00186
0.00000
0.00000
0.00000
0.00000
0.00000
0.00000
0.00000
0.00000
0.00000
0.02291
0.00000
0.00060
0.00015
0.00000
0.00000
0.00000
0.00272
0.00003
0.00000
0.00000
0.00000
0.02378
0.00517
0.00672
0.80440
0.33575
0.03142
0.00000
0.00000
0.00000
0.00000
0.00332
0.01082
0.00000
0.00025
0.00000
0.00022
0.02176
0.08991
0.62976
0.85196
0.00006
0.00000
0.00000
0.00000
0.00000
0.00262
0.00000
0.00000
0.00017
0.00002
0.00000
0.00000
0.00537
0.11367
0.32209
0.00000
0.00000
0.00000
0.00000
0.00654
0.00000
0.00000
0.00000
0.00000
0.00000
0.00000
0.00008
0.00004
0.00034
0.01017
0.00000
0.00000
0.00000
0.00000
0.00000
0.00000
0.00000
0.00000
0.00000
0.00000
0.00000
0.00000
0.00000
0.00000
0.00000
0.00000
0.00000
0.00000
0.00000
0.00075
0.00484
0.00070
0.00000
0.00000
0.00000
0.00000
0.00000
0.00000
0.00000
0.00000
0.00000
0.00000
0.05072
0.02923
0.00097
0.00000
0.00000
0.00000
0.00000
0.00000
0.00000
0.00000
0.00000
0.00000
0.30034
0.44890
0.29557
0.00001
0.00000
0.00000
0.00000
0.00000
0.00000
0.00000
0.00000
0.00000
0.00000
0.00000
0.14167
0.97235
0.00000
0.00000
0.00000
0.00000
0.00000
0.00114
0.00002
0.00000
0.00000
0.00074
0.00000
0.00000
0.00000
0.82796
0.00000
0.00000
0.00000
0.00000
0.00000
0.00000
0.00000
0.00602
0.00000
0.00000
0.01224
0.00000
0.00000
0.00000
0.00000
0.00000
0.00000
0.00026
0.00000
0.00000
0.00000
0.00000
0.00000
0.00000
0.00000
0.00000
0.00000
0.00000
0.00000
0.00000
0.00000
0.00000
0.00000
0.00000
0.00000
0.00000
0.00000
0.00000
0.00000
0.00007
0.00000
0.00915
0.00631
0.00093
0.00001
0.00000
0.00000
0.00000
0.00000
0.00000
0.00000
0.00000
0.00000
0.29644
0.31506
0.09663
0.01092
0.00211
0.00000
0.00000
0.00000
0.00000
0.00000
0.50385
0.00000
0.00000
0.00078
0.00588
0.00193
0.00001
0.00000
0.00000
0.00000
0.00000
0.00000
0.00000
0.00000
0.00266
0.00460
0.00428
0.00000
0.00000
0.00000
0.00000
0.00000
0.00000
0.00000
0.00000
0.00000
0.00000
0.00000
0.00000
0.00000
0.00000
0.00000
0.00000
0.00000
0.00000
0.00000
0.00000
0.00000
0.00000
0.00092
0.00010
0.00000
0.00000
0.00000
0.00000
0.00000
0.00000
0.00000
0.04512
0.07103
0.00000
0.00000
0.00001
0.00000
0.00000
0.00000
0.03338
0.00000
0.00000
0.00000
0.00117
0.00008
0.00695
0.00000
0.00000
0.00000
0.00000
0.00000
0.00000
0.00000
0.00000
0.00000
0.00000
0.00000
0.00000
0.00000
0.00000
0.00000
0.00012
0.00000
0.00000
0.00000
0.00015
0.00000
0.00000
0.00000
0.00000
0.00000
