0.00001
0.00000
0.00006
0.00011
0.00000
0.00004
0.00005
0.00004
0.00000
0.00000
0.00000
0.00059
0.00050
0.00010
0.00000
0.00000
0.00000
0.00010
0.00000
0.00000
0.00000
0.00000
0.00000
0.00000
0.00000
0.00000
0.00000
0.00004
0.00001
0.00000
0.00000
0.00000
0.00000
0.00000
0.00000
0.00000
0.00000
0.00000
0.00000
0.00000
0.00000
0.00000
0.00000
0.00000
0.00000
0.00000
0.00000
0.00000
0.00000
0.00001
0.00272
0.00000
0.00295
0.00000
0.00000
0.00000
0.01847
0.00103
0.07700
0.00000
0.00000
0.00000
0.00000
0.00273
0.00000
0.06542
0.00374
0.00000
0.08269
0.30856
0.00075
0.00000
0.00000
0.00054
0.00000
0.00000
0.00000
0.00000
0.00000
0.00416
0.13340
0.00022
0.00000
0.00001
0.00000
0.00000
0.00000
0.00000
0.00000
0.00725
0.00000
0.01958
0.01500
0.00044
0.00006
0.00009
0.00000
0.00000
0.00000
0.00000
0.03968
0.04142
0.00108
0.00001
0.00000
0.00000
0.00000
0.00000
0.00000
0.00027
0.00211
0.00002
0.00000
0.00000
0.00000
0.00000
0.00000
0.00000
0.00000
0.00000
0.00000
0.00000
0.00000
0.00000
0.00000
0.00000
0.00021
0.03275
0.00000
0.00000
0.00000
0.00000
0.00688
0.00057
0.18808
0.00000
0.00000
0.00000
0.00000
0.02812
0.00084
0.00000
0.00002
0.00032
0.00000
0.00004
0.00000
0.00000
0.00000
0.00000
0.20954
0.00449
0.00020
0.00000
0.42237
0.00000
0.00000
0.00000
0.95104
0.00000
0.00000
0.00000
0.12675
0.00349
0.00105
0.00866
0.02216
0.00000
0.00000
0.00000
0.84344
0.00000
0.00000
0.00000
0.00000
0.00000
0.00429
0.00000
0.00000
0.00000
0.00000
0.00000
0.32612
0.10299
0.00000
0.00000
0.00016
0.00000
0.00000
0.00000
0.00000
0.50440
0.00000
0.00069
0.02704
0.03272
0.00119
0.00002
0.00000
0.00427
0.06862
0.04903
0.00000
0.00000
0.00003
0.00000
0.00000
0.00000
0.00000
0.00021
0.00012
0.00000
0.00000
0.00000
0.00000
0.00000
0.00000
0.00000
0.00000
0.00032
0.00000
0.00095
0.00092
0.00006
0.00044
0.01496
0.02740
0.00000
0.00000
0.00000
0.00000
0.00000
0.00001
0.00000
0.00000
0.00000
0.00055
0.00000
0.00000
0.00000
0.00000
0.00000
0.00000
0.00000
0.00116
0.00000
0.00000
0.00000
0.00000
0.00000
0.00000
0.00000
0.00000
0.00000
0.00000
0.00130
0.05974
0.00000
0.00000
0.00700
0.00000
0.00000
0.00000
0.00000
0.00000
0.00000
0.00000
0.13370
0.00000
0.00000
0.56872
0.06165
0.00001
0.00000
0.00292
0.11303
0.00000
0.00000
0.00000
0.00000
0.00000
0.00000
0.06310
0.00000
0.00000
0.00005
0.01373
0.00000
0.00000
0.00000
0.07007
0.72549
0.00114
0.00000
0.00000
0.00000
0.00000
0.35539
0.00000
0.00000
0.00000
0.00001
0.00000
0.00000
0.01379
0.41159
0.87308
0.00000
0.00000
0.00000
0.00000
0.18190
0.05691
0.00007
0.00000
0.00001
0.00000
0.01665
0.00000
0.00000
0.00000
0.02758
0.01299
0.00000
0.00000
0.00000
0.00000
0.00307
0.02446
0.00000
0.00000
0.00000
0.00000
0.00000
0.00000
0.00000
0.00000
0.00000
0.00005
0.00539
0.00276
0.00104
0.00027
0.00000
0.01456
0.05446
0.05872
0.04251
0.00293
0.00000
0.00000
0.21093
0.00226
0.00000
0.00000
0.00000
0.00000
0.00022
0.00262
0.00000
0.00000
0.00000
0.00000
0.00000
0.25306
0.00000
0.00000
0.00000
0.00000
0.00000
0.00000
0.00000
0.00272
0.00000
0.00000
0.00000
0.00000
0.00000
0.00000
1.00000
0.07375
0.00000
0.00000
0.00000
0.00000
0.00000
0.00306
0.00389
0.45782
0.00000
0.00000
0.00000
0.00000
0.00000
0.05396
1.00000
0.00000
0.00000
0.00000
0.00009
0.00000
0.00000
0.00060
0.06223
0.11161
0.00000
0.00000
0.00000
0.00000
0.00000
0.00000
0.00000
0.00000
0.00000
0.00000
0.00000
0.00002
0.00000
0.00000
0.00000
0.02083
0.30760
0.00000
0.00000
0.00000
0.00000
0.00000
0.00000
0.00000
0.00000
0.00000
0.00105
0.00050
0.00000
0.00000
0.00033
0.10727
0.00000
0.00000
0.00000
0.00000
0.00000
0.00000
0.02957
0.00000
0.04974
0.00315
0.00000
0.00000
0.00001
0.00001
0.00000
0.00000
0.00285
0.00000
0.00000
0.22982
0.02381
0.00111
0.00000
0.00002
0.00000
0.00000
0.23359
0.11608
0.01401
0.00236
0.00000
0.00000
0.00000
0.00000
0.00018
0.00001
0.00000
0.00000
0.00000
0.00000
0.00000
0.00000
0.00000
0.00000
0.00000
0.00000
0.00000
0.00048
0.00000
0.00000
0.12132
0.08262
0.00000
0.00000
0.00000
0.02627
0.02150
0.00398
0.00000
0.00000
0.00000
0.00000
0.00000
0.01200
0.69617
0.00000
0.00000
0.00000
0.17781
0.13648
0.02490
0.00000
0.00000
0.00000
0.00000
0.00000
0.00000
0.00000
0.00000
0.04991
0.00000
0.00000
0.03319
0.56561
0.23435
0.00000
0.00000
0.00000
0.00000
0.00061
0.00000
0.00000
0.00000
0.01781
0.00000
0.00000
0.00000
0.00000
0.00000
0.70437
0.91741
0.00000
0.00000
0.00000
0.00000
0.00006
0.00000
0.01149
0.00000
0.00000
0.14017
0.00000
0.00000
0.00000
0.00000
0.00000
0.00000
0.00819
0.00000
0.00000
0.00000
0.00000
0.00000
0.00000
0.00037
0.02391
0.24876
0.65411
0.00000
0.00000
0.00000
0.00000
0.00000
0.00000
0.00000
0.00000
0.00014
0.00018
0.00109
0.00000
0.00000
0.00519
0.15416
0.25377
0.00000
0.00000
0.48861
0.00000
0.00000
0.22108
0.00000
0.00000
0.00000
0.03384
0.00000
0.00000
0.00021
0.01261
0.00000
0.00000
0.00000
0.00005
0.00000
0.00000
0.46114
0.10864
0.00028
0.00057
0.00000
0.00009
0.00000
0.00000
0.00000
0.17185
0.00073
0.01229
0.01100
0.00000
0.00000
0.00007
0.00103
0.00239
0.00017
0.00000
0.00000
0.00000
0.00000
0.00000
0.00000
0.00000
0.00000
0.00000
0.00000
0.00000
0.00000
0.00000
0.00000
0.00018
0.04728
0.00000
0.00000
0.00000
0.00000
0.00000
0.00000
0.00000
0.00000
0.00000
0.00000
0.00000
0.00000
0.00000
0.00220
0.39585
0.00000
0.00000
0.00000
0.00067
0.00134
0.00148
0.00027
0.00007
0.00087
0.00000
0.00000
0.00000
0.00000
0.00000
0.00000
0.00000
0.49416
0.00000
0.00000
0.05416
0.04952
0.01671
0.02698
0.01812
0.00187
0.00583
0.00294
0.00000
0.00000
0.00000
0.00000
0.00000
0.00000
0.60612
0.00458
0.00021
0.27809
0.18192
0.09822
0.01726
0.00000
0.00005
0.00274
0.12871
0.00000
0.00000
0.00000
0.00000
0.93795
0.99948
0.94003
0.78518
0.00001
0.04587
0.00000
0.00000
0.00000
0.00000
0.00000
0.00000
0.00701
0.04376
0.00096
0.10721
0.90396
0.00000
0.00000
1.00000
0.01000
0.00000
0.00000
0.00000
0.00000
0.00000
0.00414
0.00002
0.00000
0.00000
0.00000
0.00000
0.01665
0.05520
0.00000
0.00000
0.00646
0.00000
0.00000
0.00000
0.00000
0.00000
0.00000
0.00000
0.00000
0.00000
0.08030
0.00000
0.00000
0.00000
0.00000
0.00000
0.00000
0.00000
0.17627
0.00674
0.00000
0.00000
0.00000
0.00000
0.00275
0.00000
0.00000
0.00003
0.00000
0.00000
0.00000
0.01231
0.00187
0.00000
0.00440
0.00082
0.00003
0.00000
0.00000
0.00000
0.00000
0.00000
0.00000
0.00000
0.00000
0.00000
0.00000
0.00000
0.01124
0.00068
0.00000
0.00000
0.00000
0.00000
0.00000
0.00000
0.00040
0.00000
0.00000
0.00000
0.00643
0.00043
0.00000
0.04506
0.01705
0.00005
0.00000
0.00000
0.00000
0.00000
0.00000
0.00000
0.00002
0.02909
0.00000
0.00000
0.00000
0.00000
0.01320
0.00000
0.00000
0.03360
0.00954
0.00111
0.00020
0.00000
0.00000
0.00000
0.00000
0.00000
0.00000
0.37587
0.00000
0.00000
0.00000
0.00000
0.00000
0.00095
0.04823
0.06444
0.01935
0.02650
0.00409
0.00014
0.00235
0.00019
0.00000
0.00000
0.00000
0.54639
0.00000
0.00000
0.00000
0.00000
0.83711
0.63757
0.60889
0.45397
0.26157
0.18725
0.06149
0.00000
0.00000
0.00095
0.00000
0.00322
0.29715
0.00133
0.00000
0.68593
0.74865
0.00000
0.00000
0.95430
0.97418
0.00000
0.00000
0.00000
0.00000
0.00000
0.00000
0.00000
0.00017
0.00903
0.00000
0.00000
0.00000
0.00000
0.00000
0.00000
0.01736
0.00000
0.00000
0.00000
0.00000
0.00000
0.00000
0.00000
0.00000
0.00000
0.00000
0.01638
0.00000
0.00000
0.00000
0.00000
0.00000
0.00000
0.00000
0.11013
0.01235
0.00000
0.00000
0.00000
0.00003
0.00713
0.00000
0.00000
0.00000
0.00000
0.00000
0.00000
0.01311
0.00163
0.00000
0.00000
0.00002
0.00001
0.00000
0.00000
0.00000
0.00000
0.00000
0.00000
0.00000
0.00000
0.00000
0.00000
0.00000
0.00000
0.00000
0.00000
0.00032
0.00000
0.00000
0.04873
0.01522
0.00649
0.00006
0.00000
0.00000
0.00000
0.00000
0.00000
0.00000
0.00000
0.00000
0.00033
0.00000
0.00207
0.00000
0.14185
0.18118
0.07992
0.00221
0.00000
0.00000
0.00000
0.00000
0.00000
0.00000
0.00000
0.00000
0.00000
0.00000
0.00000
0.00000
0.00000
0.00000
0.14556
0.10567
0.00365
0.00011
0.00012
0.00013
0.00000
0.00000
0.00000
0.00000
0.00000
0.00000
0.00000
0.00000
0.00000
0.00000
0.00000
0.49078
0.64303
0.16285
0.00591
0.04783
0.09700
0.01594
0.00390
0.00003
0.00000
0.00000
0.00001
0.00233
0.39702
0.68716
0.04734
0.96077
0.98621
0.04102
0.01929
0.00000
0.47925
0.00000
0.00000
0.00000
0.00252
0.00000
0.00000
0.00342
0.10584
0.00903
0.00000
0.77524
0.00000
0.00000
0.00000
0.41074
0.00000
0.00000
0.00000
0.00000
0.00843
0.00000
0.00000
0.00000
0.00004
0.01060
0.00706
0.23954
0.00000
0.00000
0.00000
0.00000
0.00000
0.00000
0.00000
0.02857
0.00222
0.00000
0.00000
0.00000
0.00115
0.00318
0.00666
0.00000
0.00000
0.00000
0.00037
0.00134
0.00000
0.00000
0.00000
0.00000
0.00000
0.00000
0.00000
0.00000
0.00000
0.00000
0.00000
0.00000
0.00000
0.00000
0.00000
0.00004
0.00004
0.00000
0.00000
0.00000
0.00000
0.00000
0.00000
0.00000
0.00000
0.00000
0.00000
0.01469
0.05566
0.00378
0.00008
0.00002
0.00000
0.00000
0.00000
0.00000
0.00000
0.00000
0.00000
0.00000
0.00000
0.00000
0.00000
0.06920
0.00085
0.00626
0.00696
0.00532
0.00095
0.00000
0.00000
0.00000
0.00000
0.00000
0.00000
0.00000
0.00000
0.00000
0.00219
0.00039
0.24596
0.11967
0.00000
0.00000
0.00000
0.00000
0.00015
0.00007
0.00000
0.00000
0.03669
0.00000
0.00000
0.46251
0.96033
0.88255
0.00000
0.00000
0.00000
0.00000
0.00000
0.00192
0.00000
0.00100
0.00000
0.00042
0.03969
0.01480
0.62280
0.71776
0.00103
0.00000
0.00000
0.00000
0.00000
0.00000
0.00000
0.00000
0.00020
0.00003
0.00000
0.00000
0.00574
0.04975
0.27254
0.00000
0.00000
0.00000
0.00000
0.00000
0.00000
0.00000
0.00000
0.00000
0.00000
0.00000
0.00026
0.00052
0.00103
0.00873
0.00000
0.00000
0.00000
0.00000
0.00000
0.00000
0.00000
0.00000
0.00000
0.00000
0.00000
0.00000
0.00000
0.00000
0.00000
0.00000
0.00000
0.00000
0.00000
0.00001
0.00169
0.00013
0.00000
0.00000
0.00000
0.00000
0.00000
0.00000
0.00000
0.00091
0.00000
0.00000
0.08043
0.01616
0.00104
0.00000
0.00000
0.00000
0.00000
0.00000
0.00000
0.00000
0.00000
0.00000
0.13393
0.47660
0.25092
0.00015
0.00000
0.00000
0.00000
0.00000
0.00000
0.00000
0.00000
0.00000
0.00000
0.00000
0.00000
0.94856
0.16501
0.00000
0.00000
0.00000
0.00000
0.00000
0.00000
0.00000
0.00000
0.00042
0.00000
0.00000
0.00000
0.84774
0.00000
0.00000
0.00000
0.00000
0.00000
0.00000
0.00000
0.00421
0.00000
0.00000
0.07976
0.00000
0.00000
0.00000
0.00000
0.00000
0.00000
0.00018
0.00006
0.00000
0.00000
0.00000
0.00000
0.00000
0.00000
0.00000
0.00000
0.00000
0.00000
0.00000
0.00000
0.00000
0.00000
0.00000
0.00000
0.00000
0.00000
0.00000
0.00000
0.00000
0.00146
0.01505
0.01010
0.00179
0.00000
0.00000
0.00000
0.00000
0.00000
0.00000
0.00000
0.00000
0.00000
0.44047
0.02342
0.00871
0.01918
0.00612
0.00011
0.00000
0.00000
0.00000
0.00000
0.00000
0.00000
0.00000
0.00000
0.00000
0.00095
0.00187
0.00000
0.00000
0.00000
0.00000
0.00000
0.00000
0.00000
0.00000
0.00784
0.00191
0.00000
0.00000
0.00000
0.00000
0.00000
0.00000
0.00000
0.00000
0.00000
0.00000
0.00000
0.00000
0.00000
0.00000
0.00000
0.00000
0.00000
0.00000
0.00000
0.00000
0.00000
0.00000
0.00008
0.00021
0.00000
0.00000
0.00000
0.00000
0.00000
0.00000
0.00013
0.05917
0.00057
0.00000
0.00000
0.00040
0.00000
0.00000
0.00000
0.04482
0.00000
0.00000
0.00000
0.00016
0.00083
0.00266
0.00000
0.00000
0.00000
0.00000
0.00000
0.00000
0.00000
0.00000
0.00000
0.00000
0.00000
0.00000
0.00000
0.00000
0.00000
0.00005
0.00004
0.00000
0.00000
0.00238
0.00000
0.00000
0.00000
0.00000
0.00000
