0.00001
0.00000
0.00000
0.00361
0.00034
0.00000
0.00028
0.00001
0.00001
0.00000
0.00002
0.00095
0.00219
0.00013
0.00030
0.00000
0.00000
0.00000
0.00000
0.00000
0.00000
0.00000
0.00003
0.00000
0.00000
0.00000
0.00000
0.00000
0.00000
0.00000
0.00000
0.00000
0.00000
0.00000
0.00000
0.00000
0.00000
0.00000
0.00000
0.00000
0.00000
0.00000
0.00000
0.00000
0.00000
0.00000
0.00000
0.00000
0.00000
0.00000
0.00920
0.00051
0.00006
0.00000
0.00000
0.00000
0.00000
0.00844
0.09310
0.00000
0.00000
0.00000
0.00000
0.02830
0.00006
0.04182
0.00000
0.00000
0.10451
0.26263
0.21167
0.00000
0.00000
0.03581
0.00000
0.01916
0.01951
0.00000
0.00000
0.01577
0.10813
0.08585
0.00000
0.00000
0.00002
0.00000
0.00000
0.00000
0.00686
0.00000
0.00000
0.00533
0.00346
0.00037
0.00292
0.00000
0.00000
0.00000
0.00000
0.00477
0.00877
0.00276
0.00071
0.00000
0.00000
0.00000
0.00000
0.00000
0.00000
0.00000
0.00009
0.00000
0.00000
0.00000
0.00000
0.00000
0.00000
0.00000
0.00000
0.00000
0.00000
0.00000
0.00000
0.00017
0.00000
0.00047
0.00056
0.02043
0.00000
0.00000
0.00000
0.00000
0.02818
0.00068
0.00000
0.00000
0.00000
0.00000
0.00000
0.18287
0.00930
0.00000
0.00206
0.00013
0.00000
0.00000
0.00005
0.00000
0.00000
0.00000
0.43990
0.02176
0.00047
0.00000
0.37328
0.00000
0.00000
0.00000
0.56927
0.00902
0.00000
0.00000
0.00039
0.01553
0.00051
0.00000
0.00000
0.00000
0.00000
0.00000
0.69836
0.41905
0.00000
0.00000
0.00000
0.00132
0.00000
0.00000
0.00000
0.00000
0.00000
0.38495
0.22206
0.15939
0.01080
0.00000
0.00000
0.00035
0.00000
0.00000
0.09507
0.19272
0.00345
0.00758
0.01008
0.00903
0.00657
0.00008
0.00003
0.00546
0.05083
0.03725
0.00000
0.00000
0.00000
0.00000
0.00000
0.00000
0.00000
0.00000
0.00001
0.00000
0.00000
0.00000
0.00000
0.00000
0.00000
0.00000
0.00000
0.00245
0.03074
0.00668
0.00000
0.00000
0.00027
0.00000
0.00000
0.03951
0.00000
0.00000
0.00000
0.00181
0.00000
0.00000
0.00000
0.00000
0.00000
0.00000
0.00000
0.00000
0.00000
0.00000
0.00000
0.00000
0.00181
0.00000
0.00000
0.00000
0.00000
0.00000
0.00000
0.00000
0.00021
0.00000
0.00000
0.00000
0.01447
0.00000
0.00000
0.02502
0.00000
0.00000
0.00000
0.00000
0.00000
0.00000
0.00000
0.97695
0.00000
0.00000
0.00000
0.00000
0.00014
0.00000
0.01474
0.24476
0.00013
0.00000
0.00000
0.00000
0.00000
0.00000
0.07781
0.00000
0.00000
0.00000
0.00000
0.00000
0.00000
0.00178
0.00000
0.00000
0.03541
0.00000
0.00000
0.00000
0.00000
0.00015
0.00000
0.00000
0.00000
0.00249
0.00000
0.00015
0.00000
0.00000
0.90530
0.01701
0.00000
0.00000
0.00000
0.16117
0.07486
0.00000
0.00001
0.00447
0.00008
0.03546
0.01717
0.00000
0.00000
0.00641
0.00345
0.00023
0.00000
0.00000
0.00005
0.00147
0.00537
0.00000
0.00000
0.00000
0.00000
0.00000
0.00000
0.00000
0.00000
0.00000
0.00000
0.00947
0.03580
0.03748
0.00000
0.00000
0.01661
0.05626
0.03129
0.02134
0.01806
0.00000
0.00000
0.43857
0.00000
0.00000
0.00000
0.00000
0.00000
0.10126
0.00051
0.00000
0.00000
0.01880
0.00000
0.00000
0.26131
0.00000
0.00000
0.00000
0.00000
0.00000
0.00000
0.00000
0.00954
0.00000
0.00000
0.00000
0.00000
0.00000
0.00000
0.99794
0.96865
0.06936
0.00000
0.00000
0.00001
0.00000
0.00259
0.00224
0.79426
0.00000
0.00000
0.00000
0.00000
0.00000
0.00073
1.00000
1.00000
0.00000
0.00000
0.00000
0.00044
0.00000
0.00334
0.18071
0.27805
0.00000
0.00000
0.00000
0.00030
0.00000
0.00000
0.00000
1.00000
0.00000
0.00000
0.00000
0.00006
0.00000
0.00000
0.00069
0.17625
0.76310
0.00000
0.00000
0.00000
0.00000
0.00000
0.00000
0.00000
0.00000
0.00000
0.00000
0.00593
0.00000
0.00000
0.03525
0.45263
0.00000
0.00000
0.00000
0.00000
0.00000
0.00000
0.12020
0.00000
0.00709
0.00916
0.00000
0.00000
0.00482
0.00010
0.00000
0.00000
0.27207
0.00000
0.00000
0.13709
0.01663
0.00166
0.00001
0.00140
0.00000
0.00000
0.09671
0.01974
0.00046
0.00000
0.00000
0.00000
0.00000
0.00000
0.00000
0.00000
0.00000
0.00000
0.00000
0.00000
0.00000
0.00000
0.00000
0.00001
0.00251
0.00002
0.00000
0.00862
0.00000
0.00000
0.04427
0.07141
0.04993
0.00000
0.00000
0.00000
0.05395
0.00000
0.00000
0.00000
0.00000
0.00000
0.00000
0.00000
0.51792
0.00000
0.00000
0.00000
0.00060
0.13019
0.00116
0.00000
0.00000
0.00000
0.00000
0.00000
0.00000
0.00000
0.00000
0.02059
0.00000
0.00000
0.00000
0.54031
0.66124
0.46100
0.00000
0.00000
0.00000
0.00041
0.00016
0.00000
0.00000
0.24522
0.00000
0.00000
0.00000
0.00000
0.00000
0.01205
0.78380
0.78397
0.00000
0.00000
0.00000
0.00016
0.00000
0.02603
0.00000
0.00000
0.12121
0.00000
0.00000
0.00000
0.57344
0.00000
0.00000
0.00000
0.00000
0.00000
0.00000
0.00000
0.00001
0.00000
0.00356
0.08804
0.59535
1.00000
0.00078
0.00000
0.00000
0.00000
0.00000
0.00000
0.00000
0.00000
0.00000
0.01035
0.00557
0.00000
0.00000
0.00000
0.13047
0.00000
0.00000
0.00000
0.52392
0.00000
0.00000
0.00000
0.00002
0.00000
0.00000
0.07188
0.00000
0.00000
0.00005
0.03872
0.00000
0.00000
0.00000
0.40795
0.02830
0.27374
0.28428
0.10597
0.00149
0.00007
0.00000
0.00366
0.00000
0.00000
0.00000
0.26730
0.12293
0.02110
0.00418
0.00000
0.00000
0.00000
0.00002
0.00004
0.00000
0.00000
0.00000
0.00000
0.00000
0.00000
0.00000
0.00000
0.00000
0.00000
0.00000
0.00000
0.00000
0.00000
0.00000
0.00000
0.01488
0.00743
0.00000
0.00000
0.00000
0.00011
0.00018
0.00000
0.00000
0.00000
0.00000
0.00000
0.00000
0.00000
0.00000
0.19925
0.06849
0.00000
0.00000
0.00007
0.00372
0.01235
0.00015
0.00000
0.00061
0.00000
0.00000
0.00000
0.00000
0.00000
0.00000
0.00000
0.27391
0.03513
0.00000
0.00001
0.01764
0.04355
0.03489
0.01179
0.00000
0.00562
0.01777
0.00000
0.00000
0.00000
0.00000
0.00000
0.00000
0.39699
0.32361
0.08905
0.09628
0.12982
0.05530
0.01745
0.00000
0.00605
0.00127
0.07830
0.00000
0.00000
0.00000
0.00000
0.99436
0.99702
0.98111
0.67213
0.05881
0.00000
0.06217
0.00000
0.00000
0.00000
0.00411
0.00000
0.00424
0.04669
0.00191
0.00000
0.00285
0.00000
0.00100
1.00000
0.02963
0.00000
0.00000
0.00000
0.00000
0.00000
0.00000
0.00019
0.00000
0.00000
0.00000
0.00000
0.00000
0.00000
0.00000
0.00000
0.00000
0.00000
0.00000
0.00000
0.31121
0.00000
0.00000
0.00000
0.00000
0.00000
0.00000
0.00000
0.00000
0.00000
0.00000
0.00000
0.00000
0.12367
0.16086
0.00448
0.00000
0.00000
0.00000
0.00011
0.00350
0.00000
0.00000
0.02278
0.00000
0.00000
0.04730
0.00610
0.00011
0.00000
0.00051
0.00000
0.00000
0.00000
0.00000
0.00000
0.00000
0.00000
0.00000
0.00000
0.00003
0.00000
0.00000
0.00000
0.00003
0.00000
0.00000
0.00000
0.00000
0.00000
0.00000
0.00000
0.00036
0.00000
0.00000
0.00019
0.00000
0.00000
0.00000
0.00314
0.00027
0.00000
0.00000
0.00000
0.00000
0.00000
0.00000
0.00000
0.00004
0.03262
0.00000
0.00000
0.00000
0.00000
0.00000
0.00000
0.00000
0.00514
0.00010
0.00000
0.00000
0.00000
0.00000
0.00000
0.00000
0.00000
0.00090
0.16029
0.00000
0.00000
0.00000
0.00088
0.00000
0.00000
0.05978
0.01491
0.00283
0.00212
0.00078
0.00000
0.00006
0.00077
0.00000
0.00000
0.00000
0.39459
0.00000
0.00000
0.00000
0.00000
0.99163
0.81963
0.50929
0.22583
0.04178
0.13767
0.07016
0.00000
0.00000
0.00085
0.00000
0.00393
0.12071
0.00030
0.00000
0.13580
0.00007
0.00000
0.06613
0.93938
0.29454
0.00000
0.00000
0.29590
0.00000
0.00000
0.00000
0.00000
0.00000
0.00271
0.00015
0.00000
0.00000
0.00000
0.00000
0.00000
0.00000
0.00000
0.00000
0.00000
0.00000
0.00000
0.00000
0.00000
0.00000
0.00000
0.00000
0.00000
0.00000
0.00000
0.00002
0.00000
0.00000
0.00000
0.00000
0.09526
0.01092
0.00000
0.00000
0.00000
0.00054
0.00248
0.00000
0.00000
0.00000
0.00000
0.00000
0.00002
0.00256
0.00028
0.00000
0.00000
0.00000
0.00000
0.00000
0.00000
0.00000
0.00000
0.00000
0.00000
0.00000
0.00000
0.00001
0.00000
0.00000
0.00000
0.00000
0.00000
0.00082
0.00000
0.00000
0.02215
0.01608
0.00966
0.00037
0.00000
0.00000
0.00000
0.00000
0.00000
0.00000
0.00000
0.00000
0.00123
0.00000
0.00000
0.00000
0.13845
0.13077
0.09982
0.01974
0.00217
0.00000
0.00000
0.00000
0.00000
0.00000
0.00000
0.00000
0.00000
0.00000
0.00000
0.00000
0.00000
0.01388
0.36533
0.23032
0.01483
0.00001
0.00000
0.00000
0.00000
0.00000
0.00000
0.00000
0.00000
0.00000
0.00000
0.00000
0.00000
0.00000
0.00000
0.81385
0.27817
0.00000
0.00000
0.00766
0.01127
0.00188
0.00444
0.00000
0.00000
0.00000
0.00000
0.00000
0.26202
0.13838
0.00062
0.98013
0.20775
0.00016
0.00000
0.00789
0.42766
0.01860
0.00000
0.00301
0.00393
0.00000
0.00000
0.00046
0.03726
0.14156
0.52065
0.94379
0.00000
0.00000
0.00207
0.24715
0.00000
0.00000
0.00000
0.00000
0.01160
0.00000
0.00000
0.00000
0.00000
0.00966
0.16521
0.13831
0.00000
0.00000
0.00000
0.00000
0.00000
0.00000
0.00000
0.00000
0.00274
0.00000
0.00000
0.00000
0.00197
0.00448
0.00000
0.00000
0.00000
0.00000
0.00000
0.00015
0.00000
0.00000
0.00000
0.00000
0.00000
0.00000
0.00000
0.00000
0.00000
0.00000
0.00000
0.00000
0.00000
0.00000
0.00000
0.00041
0.00024
0.00000
0.00000
0.00000
0.00000
0.00000
0.00000
0.00000
0.00000
0.00006
0.00000
0.01901
0.06474
0.00634
0.00045
0.00030
0.00002
0.00000
0.00000
0.00000
0.00000
0.00000
0.00000
0.00000
0.00000
0.00000
0.00000
0.06747
0.00154
0.02515
0.06874
0.01689
0.00007
0.00000
0.00000
0.00000
0.00000
0.00000
0.00000
0.00000
0.00000
0.00000
0.03423
0.00000
0.24448
0.00000
0.00000
0.00000
0.00000
0.00473
0.00001
0.00000
0.00000
0.00000
0.01195
0.00167
0.14663
0.65817
0.79511
0.00000
0.00000
0.00000
0.00000
0.00000
0.13869
0.05630
0.00003
0.00002
0.00000
0.00008
0.00764
0.05402
0.49502
0.66912
0.00096
0.00000
0.00000
0.00000
0.00000
0.00562
0.00000
0.00000
0.00000
0.00001
0.00000
0.00000
0.00004
0.03810
0.24041
0.00000
0.00000
0.00000
0.00000
0.01754
0.00000
0.00000
0.00000
0.00000
0.00000
0.00000
0.00001
0.00089
0.00091
0.00398
0.00000
0.00000
0.00000
0.00000
0.00000
0.00000
0.00000
0.00000
0.00000
0.00000
0.00000
0.00000
0.00000
0.00000
0.00000
0.00000
0.00000
0.00000
0.00000
0.00048
0.00288
0.00029
0.00000
0.00000
0.00000
0.00000
0.00000
0.00000
0.00000
0.00000
0.00000
0.00000
0.05486
0.01118
0.00285
0.00016
0.00000
0.00000
0.00000
0.00000
0.00000
0.00000
0.00000
0.00000
0.51168
0.49726
0.17539
0.00000
0.00000
0.00000
0.00000
0.00000
0.00000
0.00000
0.00000
0.00000
0.00000
0.00000
0.94183
0.89883
0.00000
0.00000
0.00000
0.00000
0.00000
0.00036
0.00000
0.00000
0.00000
0.00005
0.00000
0.00000
0.00000
0.64374
0.00000
0.00000
0.00000
0.00000
0.00000
0.00000
0.00000
0.00162
0.00000
0.00000
0.00456
0.00000
0.00000
0.00000
0.00000
0.00000
0.00000
0.00031
0.00000
0.00000
0.00000
0.00000
0.00000
0.00000
0.00000
0.00000
0.00000
0.00000
0.00000
0.00000
0.00000
0.00000
0.00000
0.00000
0.00000
0.00000
0.00000
0.00000
0.00000
0.00000
0.00000
0.03420
0.00762
0.00106
0.00000
0.00000
0.00000
0.00000
0.00000
0.00000
0.00000
0.00000
0.00558
0.38549
0.03142
0.03388
0.01467
0.01223
0.00019
0.00000
0.00000
0.00000
0.00000
0.00000
0.00000
0.00000
0.00000
0.03419
0.00251
0.00000
0.00000
0.00000
0.00000
0.00000
0.00000
0.00000
0.00000
0.00049
0.00330
0.00317
0.00000
0.00000
0.00000
0.00000
0.00000
0.00000
0.00000
0.00000
0.00000
0.00000
0.00000
0.00000
0.00000
0.00000
0.00000
0.00000
0.00000
0.00000
0.00000
0.00000
0.00000
0.00000
0.00127
0.00040
0.00000
0.00000
0.00000
0.00000
0.00000
0.00000
0.00005
0.05239
0.00000
0.00000
0.00000
0.00013
0.00000
0.00000
0.00000
0.00678
0.00000
0.00000
0.00000
0.00000
0.00018
0.01406
0.00000
0.00000
0.00000
0.00000
0.00000
0.00000
0.00000
0.00000
0.00000
0.00000
0.00000
0.00000
0.00000
0.00000
0.00000
0.00012
0.00005
0.00000
0.00000
0.00140
0.00000
0.00000
0.00000
0.00000
0.00000
