0.00000
0.00000
0.00000
0.00007
0.00063
0.00031
0.00095
0.00000
0.00000
0.00000
0.00006
0.00094
0.00681
0.00005
0.00093
0.00000
0.00000
0.00000
0.00000
0.00000
0.00000
0.00000
0.00018
0.00001
0.00000
0.00000
0.00000
0.00000
0.00000
0.00000
0.00000
0.00000
0.00000
0.00000
0.00000
0.00000
0.00000
0.00000
0.00000
0.00000
0.00000
0.00000
0.00000
0.00000
0.00000
0.00000
0.00000
0.00000
0.00000
0.00000
0.00000
0.00259
0.00032
0.00000
0.00000
0.00000
0.00000
0.01696
0.09772
0.00000
0.00000
0.00000
0.00000
0.08885
0.00031
0.00904
0.00037
0.00000
0.08331
0.27771
0.05428
0.00000
0.00000
0.01766
0.00000
0.00281
0.04239
0.00000
0.00000
0.00006
0.05949
0.05623
0.00000
0.00000
0.00000
0.00000
0.00000
0.00000
0.00000
0.00000
0.00000
0.00775
0.00886
0.00065
0.00112
0.00005
0.00000
0.00000
0.00000
0.00000
0.04617
0.05190
0.00221
0.00000
0.00000
0.00000
0.00000
0.00000
0.00000
0.00000
0.00493
0.00321
0.00000
0.00000
0.00000
0.00000
0.00000
0.00000
0.00000
0.00000
0.00000
0.00000
0.00000
0.00039
0.00003
0.00000
0.00000
0.02015
0.00000
0.00000
0.00000
0.00000
0.00000
0.00040
0.00022
0.00000
0.00000
0.00000
0.00000
0.00000
0.00684
0.00098
0.03701
0.00037
0.00000
0.00031
0.37547
0.00000
0.00000
0.00000
0.48071
0.02704
0.00019
0.06116
0.15517
0.00000
0.00000
0.00000
0.76724
0.01761
0.00000
0.00000
0.00000
0.01622
0.00001
0.11116
0.46989
0.00000
0.00000
0.00000
0.70486
0.02056
0.00000
0.00000
0.00000
0.00035
0.00000
0.00000
0.00000
0.00000
0.00000
0.00000
0.34701
0.18421
0.00321
0.00000
0.00000
0.00000
0.00000
0.00000
0.00000
0.23174
0.00047
0.00278
0.02966
0.01518
0.00429
0.00002
0.00000
0.00032
0.00858
0.13936
0.00000
0.00000
0.00003
0.00000
0.00000
0.00000
0.00000
0.00066
0.00086
0.00000
0.00000
0.00000
0.00000
0.00000
0.00000
0.00000
0.00000
0.00085
0.00635
0.00042
0.00001
0.00000
0.00000
0.00000
0.00000
0.04924
0.00000
0.00000
0.00000
0.00000
0.00000
0.00000
0.00000
0.00000
0.00000
0.00000
0.00000
0.00175
0.00000
0.00000
0.00000
0.00000
0.00009
0.03743
0.00487
0.00000
0.00000
0.00000
0.00000
0.00000
0.66309
0.00000
0.03403
0.00000
0.00059
0.00000
0.00000
0.00118
0.06240
0.13033
0.00000
0.00000
0.00000
0.00000
0.00000
0.92427
0.00000
0.00000
0.00000
0.00000
0.00001
0.00000
0.00004
0.03737
0.00111
0.00000
0.00000
0.00000
0.00000
0.57166
0.88777
0.00000
0.00000
0.00000
0.00525
0.00000
0.00000
0.00000
0.01852
0.24620
0.00000
0.00008
0.00000
0.00000
0.00000
0.27498
0.00000
0.00000
0.00000
0.00010
0.00000
0.00000
0.01098
0.13293
0.28749
0.00000
0.00000
0.00000
0.00000
0.11359
0.03701
0.00484
0.00003
0.00040
0.08583
0.31415
0.00896
0.00000
0.00000
0.00298
0.00194
0.00013
0.00000
0.00000
0.00024
0.01323
0.01545
0.00000
0.00000
0.00000
0.00000
0.00000
0.00000
0.00000
0.00000
0.00000
0.00000
0.00089
0.00158
0.00220
0.00000
0.00000
0.00000
0.00000
0.03693
0.07920
0.00037
0.00000
0.00000
0.14689
0.08230
0.00000
0.00000
0.00000
0.00790
0.00000
0.00000
0.00000
0.00000
0.00000
0.00000
0.00000
0.27137
0.29019
0.00000
0.00000
0.00000
0.00000
0.00000
0.00000
0.00564
0.00000
0.00000
0.00000
0.00000
0.00000
0.00000
0.71479
0.65214
0.01861
0.00000
0.00000
0.00000
0.00001
0.00000
0.00000
0.21970
0.00000
0.00000
0.00000
0.00000
0.00000
0.10042
0.97178
0.97084
0.00000
0.00000
0.00000
0.00000
0.00001
0.00373
0.03503
0.19770
0.00000
0.00000
0.00000
0.00115
0.00000
0.00000
0.00447
0.74717
0.00000
0.00000
0.00000
0.00000
0.00000
0.00000
0.00008
0.05781
0.40652
0.00000
0.00000
0.00000
0.00000
0.00000
0.00000
0.00000
0.00000
0.00000
0.00660
0.00166
0.00000
0.00000
0.00387
0.14133
0.00000
0.00000
0.00000
0.00000
0.00000
0.00000
0.00987
0.00000
0.00000
0.00357
0.00000
0.00000
0.00002
0.00151
0.00000
0.00000
0.00641
0.00000
0.00000
0.11188
0.03742
0.00412
0.00000
0.00000
0.00000
0.00000
0.08543
0.04628
0.00452
0.00116
0.00000
0.00000
0.00000
0.00000
0.00000
0.00000
0.00000
0.00000
0.00000
0.00002
0.00026
0.00008
0.00000
0.00000
0.00000
0.00000
0.00000
0.00000
0.00000
0.00000
0.15466
0.09700
0.00000
0.00000
0.00000
0.00082
0.00497
0.00073
0.00001
0.00000
0.00000
0.00000
0.00000
0.00000
0.64009
0.00000
0.00000
0.00000
0.03264
0.03372
0.04231
0.00358
0.00000
0.00000
0.00000
0.00000
0.00000
0.00000
0.00000
0.00628
0.00000
0.00000
0.01324
0.16264
0.14959
0.10246
0.06508
0.00176
0.00000
0.00825
0.00000
0.00000
0.00000
0.00000
0.00000
0.00000
0.00000
0.00000
0.00000
0.51256
0.37746
0.31775
0.00000
0.00000
0.00766
0.00000
0.00485
0.09679
0.00143
0.00009
0.15017
0.00000
0.00000
0.00003
0.00000
0.00000
0.00000
0.02368
0.00000
0.00000
0.00000
0.00356
0.00000
0.00021
0.00031
0.11479
0.52826
0.78375
0.00178
0.00000
0.00011
0.00000
0.00000
0.00000
0.00000
0.00000
0.00000
0.02896
0.00050
0.00000
0.00000
0.02335
0.35980
0.00041
0.00000
0.00000
0.60820
0.00000
0.00000
0.00000
0.00021
0.00000
0.00000
0.02603
0.00000
0.00000
0.00262
0.03590
0.00000
0.00000
0.00000
0.62048
0.01051
0.00065
0.52048
0.17786
0.00960
0.00011
0.00000
0.00011
0.00000
0.00000
0.00000
0.27741
0.15289
0.03931
0.01326
0.00010
0.00000
0.00000
0.00000
0.00004
0.00002
0.00000
0.00000
0.00000
0.00000
0.00000
0.00000
0.00000
0.00000
0.00000
0.00000
0.00000
0.00000
0.00000
0.00000
0.00065
0.02426
0.00000
0.00000
0.00000
0.00000
0.00000
0.00000
0.00000
0.00000
0.00000
0.00221
0.00000
0.00000
0.00000
0.00633
0.15420
0.00000
0.00000
0.00071
0.00000
0.00000
0.00000
0.00000
0.00000
0.00037
0.00000
0.00000
0.00000
0.00000
0.00000
0.00000
0.00000
0.29552
0.00000
0.00000
0.02147
0.00149
0.00002
0.00094
0.00055
0.00001
0.00841
0.00000
0.00000
0.00000
0.00000
0.00000
0.00000
0.00000
0.50404
0.21399
0.11304
0.09553
0.05750
0.00991
0.00008
0.00025
0.00036
0.02154
0.38355
0.00000
0.00000
0.00000
0.00000
0.02031
0.99636
0.95749
0.57697
0.00000
0.00618
0.00480
0.00000
0.00000
0.00000
0.00006
0.00584
0.00000
0.00000
0.00032
0.00000
0.00000
0.00000
0.00079
1.00000
0.01274
0.00000
0.00000
0.00000
0.00000
0.00000
0.00222
0.00000
0.00000
0.00000
0.00000
0.00000
0.68871
0.00000
0.00000
0.00000
0.01631
0.00000
0.00000
0.00000
0.04984
0.00000
0.00000
0.00000
0.00000
0.02036
0.04367
0.00000
0.00000
0.00000
0.00000
0.00000
0.00000
0.00000
0.31674
0.00408
0.00000
0.00000
0.00000
0.00004
0.00035
0.00000
0.00000
0.05631
0.00011
0.00000
0.00429
0.01897
0.00095
0.00000
0.00057
0.00001
0.00000
0.00000
0.00000
0.00000
0.00000
0.00000
0.00000
0.00000
0.00018
0.00000
0.00000
0.00000
0.00070
0.00000
0.00000
0.00000
0.00000
0.00000
0.00000
0.00000
0.00001
0.00000
0.00000
0.06460
0.00000
0.00015
0.00000
0.00683
0.00299
0.00000
0.00000
0.00000
0.00000
0.00000
0.00000
0.00000
0.00002
0.01984
0.00000
0.00000
0.00000
0.00000
0.00000
0.00000
0.00350
0.00616
0.00005
0.00000
0.00000
0.00000
0.00000
0.00000
0.00000
0.00001
0.00352
0.00000
0.00000
0.00000
0.00000
0.00000
0.00000
0.00640
0.03711
0.01045
0.00017
0.00132
0.00005
0.00000
0.00000
0.00000
0.00000
0.00000
0.00000
0.83987
0.00000
0.00000
0.00000
0.00000
0.95380
0.68401
0.45639
0.23105
0.07383
0.06636
0.05198
0.00000
0.00000
0.00001
0.00000
0.03564
0.05225
0.00000
0.00000
0.00098
0.00000
0.00000
0.00045
0.93078
0.83007
0.09061
0.00000
0.04208
0.00000
0.00000
0.00002
0.00000
0.01131
0.00000
0.00000
0.00053
0.00454
0.00000
0.00000
0.00000
0.03886
0.00000
0.00000
0.00000
0.00000
0.00000
0.00000
0.00000
0.00000
0.00012
0.04724
0.00000
0.00000
0.00000
0.02835
0.00000
0.00000
0.00000
0.00000
0.00000
0.00612
0.00000
0.00000
0.00000
0.00002
0.00000
0.00000
0.00000
0.00000
0.00000
0.00000
0.00000
0.00765
0.00235
0.00000
0.00000
0.00000
0.00000
0.00000
0.00000
0.00000
0.00000
0.00000
0.00000
0.00000
0.00000
0.00000
0.00000
0.00000
0.00000
0.00000
0.00000
0.00002
0.00000
0.00000
0.02920
0.01859
0.00457
0.00001
0.00000
0.00000
0.00000
0.00000
0.00000
0.00000
0.00000
0.00000
0.00003
0.00141
0.00000
0.00000
0.01658
0.20678
0.07978
0.01087
0.00001
0.00000
0.00000
0.00000
0.00000
0.00000
0.00000
0.00000
0.00000
0.00000
0.00000
0.00000
0.00000
0.00000
0.55435
0.34519
0.01494
0.00000
0.00000
0.00000
0.00000
0.00000
0.00000
0.00000
0.00000
0.00000
0.00000
0.00000
0.00000
0.00000
0.00000
0.86249
0.95251
0.00743
0.00028
0.01829
0.01845
0.00310
0.00181
0.00000
0.00000
0.00000
0.00000
0.00000
0.40995
0.73368
0.00001
0.66443
0.00000
0.00000
0.02270
0.01072
0.53878
0.28056
0.00000
0.00000
0.01505
0.00003
0.00005
0.04707
0.18357
0.59577
0.63944
0.14028
0.00000
0.00000
0.00094
0.71141
0.00000
0.00000
0.00000
0.00000
0.01793
0.00010
0.00000
0.00001
0.00726
0.11479
0.20764
0.00000
0.00000
0.00000
0.00000
0.00000
0.00000
0.00000
0.00000
0.00000
0.00363
0.00000
0.00000
0.00000
0.00011
0.00039
0.00000
0.00000
0.00000
0.00000
0.00000
0.00324
0.00000
0.00000
0.00000
0.00000
0.00000
0.00000
0.00000
0.00000
0.00000
0.00000
0.00000
0.00000
0.00000
0.00000
0.00000
0.00000
0.00000
0.00000
0.00000
0.00000
0.00000
0.00000
0.00000
0.00000
0.00000
0.00000
0.00002
0.02891
0.06444
0.00705
0.00097
0.00128
0.00000
0.00000
0.00000
0.00000
0.00000
0.00000
0.00000
0.00000
0.00000
0.00000
0.00000
0.09644
0.00000
0.00211
0.05001
0.07350
0.00074
0.00000
0.00000
0.00000
0.00000
0.00000
0.00000
0.00000
0.00000
0.00000
0.00000
0.00000
0.00016
0.54846
0.00000
0.00000
0.00000
0.00108
0.00006
0.00000
0.00000
0.00000
0.01609
0.00000
0.00000
0.60166
0.94259
0.96899
0.00010
0.00000
0.00000
0.00000
0.05393
0.05838
0.00010
0.00003
0.00000
0.00537
0.00000
0.00000
0.25633
0.87661
0.10664
0.00000
0.00000
0.00000
0.00000
0.00000
0.00000
0.00000
0.00000
0.00002
0.00000
0.00026
0.00259
0.12414
0.28343
0.00584
0.00000
0.00000
0.00000
0.00213
0.00000
0.00000
0.00000
0.00000
0.00000
0.00000
0.00021
0.00090
0.00191
0.02092
0.00000
0.00000
0.00000
0.00000
0.00000
0.00000
0.00000
0.00000
0.00000
0.00000
0.00000
0.00000
0.00000
0.00000
0.00000
0.00000
0.00000
0.00000
0.00000
0.00001
0.00041
0.00015
0.00000
0.00000
0.00000
0.00000
0.00000
0.00000
0.00000
0.00156
0.00000
0.00000
0.02964
0.01581
0.00110
0.00034
0.00005
0.00000
0.00000
0.00000
0.00000
0.00000
0.00000
0.00000
0.08886
0.44792
0.33567
0.00000
0.00000
0.00000
0.00000
0.00000
0.00000
0.00000
0.00000
0.00002
0.00000
0.00000
0.06121
0.94237
0.02778
0.00000
0.00000
0.00000
0.00000
0.00086
0.00001
0.00000
0.00000
0.00219
0.00000
0.00000
0.00000
0.78825
0.00000
0.00000
0.00000
0.00000
0.00000
0.00000
0.00000
0.00024
0.00000
0.00000
0.07665
0.00000
0.00000
0.00000
0.00000
0.00000
0.00000
0.00012
0.00074
0.00000
0.00000
0.00000
0.00000
0.00000
0.00000
0.00000
0.00000
0.00000
0.00000
0.00000
0.00000
0.00000
0.00000
0.00000
0.00000
0.00000
0.00000
0.00000
0.00000
0.00000
0.00062
0.00114
0.00356
0.00160
0.00037
0.00000
0.00000
0.00000
0.00000
0.00000
0.00040
0.00000
0.00000
0.28492
0.32387
0.08984
0.00005
0.00000
0.00003
0.00001
0.00000
0.00000
0.00000
0.93351
0.00000
0.00000
0.00000
0.00000
0.00000
0.00102
0.00000
0.00000
0.00000
0.00000
0.00000
0.00000
0.00000
0.00000
0.01965
0.01539
0.00000
0.00000
0.00000
0.00000
0.00000
0.00000
0.00000
0.00000
0.00000
0.00000
0.00000
0.00000
0.00000
0.00000
0.00000
0.00000
0.00000
0.00000
0.00000
0.00000
0.00000
0.00000
0.00001
0.00000
0.00000
0.00000
0.00000
0.00000
0.00000
0.00000
0.00044
0.01527
0.03862
0.00000
0.00008
0.00033
0.00000
0.00000
0.00000
0.00000
0.00000
0.00000
0.00000
0.00973
0.00225
0.00000
0.00000
0.00000
0.00000
0.00000
0.00000
0.00000
0.00000
0.00000
0.00000
0.00000
0.00000
0.00000
0.00000
0.00000
0.00000
0.00000
0.00000
0.00000
0.00000
0.00000
0.00000
0.00000
0.00000
0.00000
0.00000
