0.00265
0.00000
0.00000
0.00063
0.00176
0.00031
0.00043
0.00000
0.00000
0.00001
0.00001
0.00097
0.00647
0.00003
0.00010
0.00000
0.00001
0.00000
0.00000
0.00000
0.00000
0.00000
0.00001
0.00000
0.00000
0.00000
0.00000
0.00002
0.00000
0.00000
0.00000
0.00000
0.00000
0.00000
0.00000
0.00000
0.00003
0.00000
0.00000
0.00000
0.00000
0.00000
0.00000
0.00000
0.00000
0.00000
0.00000
0.00000
0.00000
0.00000
0.00000
0.00027
0.01097
0.00000
0.00000
0.00000
0.00000
0.00730
0.09548
0.00223
0.00000
0.00000
0.00000
0.10601
0.00062
0.03279
0.00000
0.00000
0.04316
0.25508
0.02007
0.00000
0.00000
0.02732
0.00005
0.04653
0.00482
0.00000
0.00000
0.01756
0.04775
0.01360
0.00000
0.00000
0.00053
0.00000
0.00000
0.00000
0.00000
0.00000
0.00005
0.00892
0.00530
0.00000
0.00004
0.00001
0.00000
0.00000
0.00000
0.00000
0.06151
0.05176
0.00040
0.00000
0.00000
0.00000
0.00000
0.00000
0.00000
0.00000
0.00979
0.00035
0.00000
0.00000
0.00000
0.00000
0.00000
0.00000
0.00000
0.00000
0.00000
0.00000
0.00000
0.00000
0.00000
0.00000
0.00000
0.01401
0.00000
0.00000
0.00000
0.00000
0.00000
0.00000
0.00199
0.00000
0.00000
0.00000
0.00000
0.00000
0.00000
0.00000
0.00000
0.00000
0.00000
0.00000
0.43915
0.00000
0.00000
0.00000
0.05912
0.02617
0.00927
0.18333
0.01035
0.00000
0.00000
0.00000
0.70202
0.00020
0.00000
0.00000
0.00000
0.01643
0.01206
0.28637
0.00000
0.00000
0.00000
0.00123
0.57963
0.00000
0.00000
0.00000
0.00000
0.00036
0.00009
0.00000
0.00000
0.00000
0.00000
0.19029
0.26995
0.06820
0.00448
0.00000
0.00021
0.00000
0.00000
0.00000
0.00000
0.59123
0.00002
0.00515
0.00344
0.00323
0.00001
0.00000
0.00000
0.00007
0.07892
0.09406
0.00000
0.00000
0.00000
0.00000
0.00000
0.00000
0.00000
0.00030
0.00035
0.00000
0.00000
0.00000
0.00000
0.00000
0.00000
0.00000
0.00000
0.00186
0.00020
0.00096
0.00064
0.00000
0.00020
0.00000
0.00000
0.00543
0.00000
0.00000
0.00000
0.00000
0.00000
0.00000
0.00000
0.00000
0.00132
0.00000
0.00000
0.00631
0.00000
0.00000
0.00000
0.00000
0.00205
0.00002
0.00000
0.00000
0.00000
0.00000
0.00000
0.00000
0.56634
0.00000
0.02613
0.00000
0.00126
0.00001
0.00000
0.00323
0.10455
0.00000
0.00000
0.00000
0.00000
0.00000
0.00001
0.97171
0.00000
0.00000
0.00000
0.00000
0.00002
0.00000
0.00028
0.06310
0.00000
0.00000
0.00000
0.00000
0.00000
0.00062
0.81492
0.00000
0.00000
0.00000
0.01111
0.00000
0.00000
0.00000
0.00254
0.14396
0.00757
0.03405
0.00000
0.00000
0.00000
0.39660
0.00000
0.00000
0.00000
0.00001
0.00000
0.00000
0.00651
0.30760
0.92618
0.00000
0.00000
0.00000
0.00000
0.05173
0.02624
0.00020
0.00000
0.00000
0.10696
0.29972
0.00000
0.00000
0.00000
0.00301
0.00009
0.00000
0.00000
0.00000
0.00000
0.01308
0.00777
0.00000
0.00000
0.00000
0.00000
0.00000
0.00000
0.00000
0.00000
0.00000
0.00041
0.00742
0.00725
0.00414
0.00000
0.00000
0.02027
0.04257
0.04291
0.02049
0.03049
0.00000
0.00000
0.13531
0.11988
0.11276
0.00001
0.00000
0.00042
0.00000
0.00000
0.00000
0.06126
0.01110
0.00000
0.00000
0.03783
0.34865
0.11686
0.00001
0.00000
0.00000
0.00000
0.00000
0.00000
0.00000
0.00000
0.00000
0.00000
0.00000
0.00000
0.96022
0.78700
0.00000
0.00000
0.00000
0.00000
0.00000
0.00000
0.00000
0.00017
0.00000
0.00000
0.00000
0.00000
0.00000
0.04062
1.00000
0.99356
0.00000
0.00000
0.00000
0.00000
0.00000
0.00574
0.03243
0.00389
0.00000
0.00000
0.00000
0.04581
0.00000
0.00000
0.08145
0.00197
0.00000
0.00000
0.00000
0.00000
0.00000
0.00000
0.00003
0.02056
0.27736
0.00000
0.00000
0.00000
0.00000
0.00000
0.00000
0.00145
0.00000
0.00000
0.03086
0.00015
0.00000
0.00000
0.00034
0.08608
0.61820
0.00211
0.00000
0.00000
0.00000
0.00000
0.19838
0.00159
0.01901
0.00027
0.00000
0.00000
0.00000
0.00454
0.00000
0.00000
0.00005
0.00000
0.00000
0.12015
0.00841
0.00005
0.00000
0.00000
0.00000
0.00000
0.09421
0.03282
0.01446
0.00010
0.00000
0.00000
0.00000
0.00000
0.00000
0.00000
0.00000
0.00000
0.00000
0.00000
0.00000
0.00000
0.00000
0.00000
0.00000
0.00000
0.00000
0.00000
0.00000
0.00000
0.06025
0.04907
0.02196
0.00000
0.00000
0.00001
0.00171
0.00696
0.00000
0.00000
0.00000
0.00000
0.00000
0.25469
0.40746
0.00000
0.00000
0.00000
0.02336
0.04408
0.07750
0.01631
0.00000
0.00000
0.00000
0.00000
0.00000
0.00000
0.00000
0.87959
0.00000
0.00000
0.00000
0.37179
0.30023
0.04465
0.00000
0.00329
0.00000
0.00272
0.00000
0.00000
0.00000
0.00000
0.00000
0.00000
0.20053
0.00000
0.00000
0.20520
0.79220
0.52056
0.00000
0.00000
0.00000
0.00000
0.00186
0.07021
0.07034
0.03601
0.38013
0.00000
0.00000
0.00180
0.00000
0.00000
0.00000
0.13392
0.00000
0.00000
0.00000
0.00011
0.00000
0.00053
0.00939
0.05903
0.41133
0.62407
0.00000
0.00000
0.00230
0.00000
0.00000
0.00000
0.00000
0.00000
0.00000
0.04911
0.00064
0.00000
0.00000
0.00023
0.18626
0.53690
0.00000
0.00000
0.00000
0.00000
0.00000
0.24894
0.00000
0.00000
0.00000
0.01016
0.00000
0.00000
0.00002
0.02039
0.01777
0.00000
0.00000
0.00000
0.00000
0.00000
0.33125
0.10367
0.00179
0.00003
0.00000
0.00002
0.00122
0.00000
0.00000
0.00505
0.21666
0.05636
0.00711
0.00000
0.00000
0.00000
0.00006
0.00047
0.00089
0.00000
0.00000
0.00000
0.00000
0.00000
0.00000
0.00000
0.00000
0.00000
0.00000
0.00000
0.00000
0.00000
0.00000
0.00286
0.00441
0.00181
0.00000
0.00000
0.00000
0.00000
0.00000
0.00000
0.00000
0.00000
0.00013
0.00000
0.00000
0.00000
0.00773
0.09400
0.00103
0.00000
0.00000
0.00000
0.00000
0.00000
0.00000
0.00000
0.00026
0.00000
0.00000
0.00000
0.00000
0.00000
0.00000
0.00000
0.21023
0.00002
0.00000
0.00012
0.03891
0.00439
0.00022
0.00051
0.00001
0.00908
0.00000
0.00000
0.00000
0.00000
0.00000
0.00000
0.00000
0.40371
0.21912
0.08749
0.18141
0.14592
0.07572
0.00000
0.00000
0.00013
0.01924
0.36299
0.03207
0.00000
0.00000
0.00000
0.95328
0.93484
0.79726
0.48811
0.00000
0.10309
0.00000
0.00000
0.00000
0.00000
0.00010
0.00426
0.07769
0.00000
0.00841
0.02259
0.28026
0.00000
0.00002
0.99110
0.00000
0.00000
0.00061
0.00000
0.00000
0.00000
0.05045
0.00000
0.00000
0.00000
0.00000
0.00000
0.59399
0.17847
0.00000
0.00000
0.00000
0.00000
0.00000
0.00000
0.00541
0.00000
0.00000
0.00000
0.00000
0.00000
0.12080
0.00000
0.00000
0.00000
0.00000
0.00000
0.00000
0.00000
0.16218
0.01104
0.00000
0.00000
0.00000
0.00010
0.00100
0.00000
0.00000
0.00000
0.00000
0.00000
0.00503
0.00980
0.00071
0.00000
0.00217
0.00044
0.00004
0.00000
0.00000
0.00000
0.00000
0.00000
0.00000
0.00000
0.00003
0.00004
0.00000
0.00000
0.00002
0.00000
0.00000
0.00000
0.00000
0.00000
0.00000
0.00000
0.00000
0.00000
0.00000
0.06170
0.00037
0.00053
0.00000
0.00183
0.00004
0.00000
0.00000
0.00000
0.00000
0.00000
0.00000
0.00000
0.00000
0.01039
0.00000
0.00000
0.00000
0.00000
0.00001
0.00000
0.00001
0.00051
0.00002
0.00000
0.00000
0.00000
0.00000
0.00000
0.00000
0.00010
0.00135
0.00000
0.00000
0.00000
0.00000
0.00000
0.00000
0.02766
0.01484
0.00651
0.00229
0.00537
0.00322
0.00002
0.00127
0.00000
0.00000
0.00000
0.00000
0.82782
0.00000
0.00000
0.00000
0.00000
0.90342
0.66394
0.36967
0.14103
0.07524
0.12772
0.01601
0.00000
0.00000
0.00086
0.00000
0.00002
0.54759
0.00409
0.00000
0.12443
0.05738
0.00000
0.00000
0.88383
0.68699
0.03734
0.00000
0.00000
0.00000
0.00000
0.00002
0.00000
0.00603
0.00070
0.00000
0.00000
0.63497
0.00000
0.00000
0.00000
0.00115
0.00000
0.00000
0.00000
0.00000
0.00000
0.00000
0.00000
0.00000
0.00000
0.00254
0.00004
0.00000
0.00000
0.00000
0.00000
0.00000
0.00000
0.00000
0.00000
0.00215
0.00000
0.00000
0.00000
0.00002
0.00001
0.00000
0.00000
0.00000
0.00000
0.00000
0.00000
0.00904
0.00206
0.00000
0.00000
0.00016
0.00000
0.00000
0.00000
0.00000
0.00000
0.00000
0.00000
0.00000
0.00000
0.00000
0.00000
0.00000
0.00000
0.00000
0.00000
0.00001
0.00000
0.00000
0.02164
0.02667
0.00353
0.00000
0.00000
0.00000
0.00000
0.00000
0.00000
0.00000
0.00000
0.00000
0.00003
0.01429
0.00000
0.00000
0.01344
0.14697
0.07754
0.00711
0.00000
0.00000
0.00000
0.00000
0.00000
0.00000
0.00000
0.00000
0.00000
0.00000
0.00000
0.00000
0.00000
0.00000
0.43610
0.33185
0.01414
0.00000
0.00000
0.00000
0.00000
0.00000
0.00000
0.00000
0.00000
0.00000
0.00000
0.00000
0.00000
0.00000
0.00000
0.76690
0.79373
0.24585
0.03275
0.01718
0.02766
0.00563
0.00497
0.00003
0.00009
0.00000
0.00000
0.00000
0.04350
0.80795
0.00922
0.94476
0.13373
0.00000
0.46754
0.62947
0.66044
0.27851
0.00000
0.00022
0.00000
0.00000
0.00014
0.03706
0.17873
0.42685
0.60048
0.77497
0.00000
0.00000
0.00000
0.42962
0.00000
0.00000
0.00000
0.00000
0.00029
0.00000
0.00000
0.00008
0.00714
0.09293
0.12178
0.00094
0.00000
0.00000
0.00000
0.00000
0.00000
0.00000
0.00000
0.00000
0.00625
0.00000
0.00000
0.00000
0.00015
0.00014
0.00000
0.00000
0.00000
0.00000
0.00000
0.00094
0.00004
0.00000
0.00000
0.00000
0.00000
0.00000
0.00000
0.00000
0.00000
0.00000
0.00000
0.00000
0.00000
0.00000
0.00000
0.00000
0.00000
0.00000
0.00000
0.00000
0.00000
0.00000
0.00000
0.00000
0.00000
0.00000
0.00266
0.03443
0.05074
0.00411
0.00053
0.00235
0.00010
0.00000
0.00000
0.00000
0.00000
0.00000
0.00000
0.00000
0.00002
0.00000
0.00000
0.02604
0.00000
0.00000
0.08357
0.07075
0.00040
0.00000
0.00000
0.00000
0.00000
0.00000
0.00000
0.00000
0.00000
0.00000
0.00000
0.00000
0.00003
0.18495
0.00000
0.00000
0.00000
0.00321
0.00001
0.00000
0.00000
0.00000
0.01331
0.00000
0.00000
0.35418
0.94279
0.91419
0.00000
0.00000
0.00000
0.00000
0.09627
0.04326
0.00176
0.00367
0.00004
0.00536
0.00191
0.00000
0.53082
0.86549
0.57970
0.00000
0.00000
0.00000
0.00000
0.01178
0.00000
0.00000
0.00000
0.00031
0.00000
0.00059
0.01371
0.11908
0.28821
0.04043
0.00266
0.00000
0.00000
0.00116
0.00000
0.00000
0.00000
0.00000
0.00000
0.00000
0.00004
0.00076
0.00078
0.01797
0.00000
0.00000
0.00000
0.00000
0.00000
0.00000
0.00000
0.00000
0.00000
0.00000
0.00000
0.00000
0.00000
0.00000
0.00000
0.00000
0.00000
0.00000
0.00000
0.00000
0.00020
0.00002
0.00000
0.00000
0.00000
0.00000
0.00000
0.00000
0.00000
0.00061
0.00004
0.00075
0.03103
0.00952
0.00220
0.00101
0.00025
0.00000
0.00000
0.00000
0.00000
0.00000
0.00000
0.00000
0.20396
0.44716
0.22251
0.00000
0.00000
0.00000
0.00000
0.00000
0.00000
0.00000
0.00000
0.00000
0.00000
0.00000
0.00112
0.84492
0.00000
0.00000
0.00000
0.00000
0.00000
0.00001
0.00000
0.00000
0.00000
0.00000
0.00000
0.00000
0.00000
0.80114
0.00000
0.00000
0.00000
0.00000
0.00000
0.00000
0.00000
0.00178
0.00000
0.00000
0.08796
0.00000
0.00000
0.00000
0.00000
0.00000
0.00000
0.00007
0.00026
0.00000
0.00000
0.00000
0.00000
0.00000
0.00000
0.00000
0.00000
0.00000
0.00000
0.00000
0.00000
0.00000
0.00000
0.00000
0.00000
0.00000
0.00000
0.00000
0.00000
0.00000
0.00015
0.00023
0.00126
0.00133
0.00010
0.00000
0.00000
0.00000
0.00000
0.00000
0.00008
0.00000
0.00791
0.19164
0.19736
0.07057
0.00000
0.00000
0.00046
0.00011
0.00000
0.00000
0.00000
0.60758
0.00000
0.00000
0.00000
0.00000
0.00000
0.00260
0.00000
0.00000
0.00000
0.00000
0.00000
0.00000
0.00000
0.00000
0.00094
0.01074
0.00000
0.00000
0.00000
0.00000
0.00000
0.00000
0.00000
0.00000
0.00000
0.00000
0.00000
0.00000
0.00000
0.00000
0.00000
0.00000
0.00000
0.00000
0.00000
0.00000
0.00000
0.00000
0.00000
0.00000
0.00000
0.00000
0.00000
0.00000
0.00000
0.00000
0.00084
0.01037
0.01226
0.00024
0.00005
0.00031
0.00000
0.00000
0.00000
0.00902
0.00000
0.00000
0.00000
0.01032
0.00277
0.00000
0.00000
0.00000
0.00000
0.00000
0.00000
0.00000
0.00000
0.00000
0.00000
0.00000
0.00000
0.00000
0.00000
0.00000
0.00000
0.00000
0.00000
0.00000
0.00000
0.00001
0.00000
0.00000
0.00000
0.00000
0.00000
