0.00007
0.00000
0.00000
0.00336
0.00005
0.00001
0.00013
0.00000
0.00004
0.00000
0.00005
0.00107
0.00237
0.00007
0.00011
0.00000
0.00000
0.00000
0.00000
0.00000
0.00000
0.00000
0.00022
0.00000
0.00000
0.00000
0.00000
0.00000
0.00000
0.00000
0.00000
0.00000
0.00000
0.00000
0.00000
0.00000
0.00000
0.00000
0.00000
0.00000
0.00000
0.00000
0.00000
0.00000
0.00000
0.00000
0.00000
0.00000
0.00000
0.00000
0.00151
0.00009
0.00000
0.00000
0.00000
0.00000
0.00748
0.00269
0.11193
0.00000
0.00000
0.00000
0.00000
0.02451
0.00000
0.02486
0.00148
0.00000
0.11456
0.31764
0.00142
0.00000
0.00000
0.02648
0.00000
0.00795
0.04003
0.00000
0.00000
0.01146
0.11643
0.10938
0.00000
0.00000
0.00003
0.00000
0.00000
0.00000
0.01023
0.00002
0.00000
0.00404
0.01065
0.00166
0.00896
0.00000
0.00002
0.00000
0.00000
0.00120
0.00442
0.00510
0.00057
0.00000
0.00000
0.00000
0.00000
0.00000
0.00000
0.00000
0.00007
0.00000
0.00000
0.00000
0.00000
0.00000
0.00000
0.00000
0.00000
0.00000
0.00000
0.00000
0.00000
0.00015
0.00000
0.00000
0.00007
0.03224
0.00000
0.00000
0.00000
0.00000
0.00653
0.00010
0.00554
0.00000
0.00000
0.00000
0.00000
0.11489
0.00303
0.00000
0.00000
0.00000
0.00000
0.00000
0.10594
0.00000
0.00000
0.00000
0.35794
0.02508
0.01136
0.12045
0.40773
0.00000
0.00000
0.00000
0.15508
0.01881
0.00000
0.00000
0.04775
0.02448
0.00023
0.00000
0.44434
0.00000
0.00000
0.00000
0.75783
0.02596
0.00000
0.00000
0.00000
0.00424
0.00000
0.00000
0.00000
0.00000
0.00000
0.15106
0.21985
0.24472
0.00000
0.00000
0.00000
0.00249
0.00000
0.00000
0.01514
0.30248
0.01318
0.03612
0.02313
0.01866
0.00832
0.00001
0.00000
0.00393
0.04233
0.03022
0.00000
0.00000
0.00001
0.00000
0.00000
0.00000
0.00000
0.00000
0.00000
0.00000
0.00000
0.00000
0.00000
0.00000
0.00000
0.00000
0.00000
0.00255
0.03292
0.00074
0.00000
0.00000
0.00049
0.00000
0.00000
0.00000
0.00000
0.00000
0.00000
0.00009
0.00000
0.00000
0.00000
0.00000
0.00000
0.00000
0.00000
0.00000
0.00000
0.00000
0.00000
0.00000
0.00083
0.00000
0.00000
0.00000
0.00000
0.00000
0.00000
0.00000
0.00000
0.00000
0.00363
0.70884
0.14561
0.00005
0.00000
0.01479
0.13924
0.09514
0.00000
0.00000
0.00000
0.00000
0.00000
0.95573
0.00000
0.00000
0.00000
0.00000
0.00000
0.00000
0.01291
0.23002
0.00000
0.00000
0.00000
0.00000
0.00000
0.00000
0.35614
0.00000
0.00000
0.00000
0.00000
0.00000
0.00000
0.00018
0.00000
0.00000
0.00076
0.00000
0.00000
0.00000
0.00000
0.00012
0.00000
0.00000
0.00000
0.00444
0.00000
0.00000
0.00008
0.00000
0.78807
0.00000
0.00000
0.00000
0.00000
0.17591
0.05823
0.00000
0.00069
0.00065
0.07826
0.24437
0.00034
0.00000
0.00000
0.01871
0.00570
0.00037
0.00000
0.00000
0.00005
0.00460
0.00945
0.00000
0.00000
0.00000
0.00000
0.00000
0.00000
0.00000
0.00000
0.00000
0.00001
0.01861
0.04885
0.04081
0.00000
0.00000
0.01589
0.04336
0.04239
0.03566
0.00418
0.00000
0.00000
0.45323
0.00221
0.00000
0.00000
0.00000
0.00000
0.01230
0.00344
0.00000
0.00000
0.00003
0.00000
0.00000
0.52964
0.00000
0.00000
0.00000
0.00000
0.00000
0.00000
0.00000
0.00036
0.00000
0.00000
0.00000
0.00000
0.00000
0.00000
0.93023
0.82117
0.67014
0.22615
0.00000
0.00054
0.00000
0.00027
0.00000
0.87556
0.00000
0.00000
0.00000
0.00000
0.00000
0.00000
1.00000
0.99639
0.20343
0.00000
0.00000
0.00000
0.00000
0.00155
0.13498
0.89250
0.00000
0.00000
0.00000
0.00000
0.00000
0.00000
0.00000
1.00000
0.00000
0.00000
0.00000
0.00001
0.00000
0.00000
0.00004
0.12331
0.65103
0.00017
0.00000
0.00000
0.00000
0.00000
0.00000
0.00000
0.05472
0.00000
0.00000
0.00000
0.00000
0.00000
0.01827
0.27144
0.00000
0.00000
0.00000
0.00000
0.00000
0.00000
0.03836
0.00440
0.07908
0.02346
0.00000
0.00000
0.00077
0.00918
0.00000
0.00000
0.03594
0.00000
0.00000
0.18782
0.03852
0.00227
0.00015
0.00005
0.00000
0.00000
0.09641
0.00536
0.00236
0.00061
0.00000
0.00000
0.00000
0.00000
0.00000
0.00000
0.00000
0.00000
0.00000
0.00000
0.00000
0.00000
0.00000
0.00001
0.00264
0.00001
0.00000
0.01721
0.00000
0.00000
0.04431
0.04881
0.03876
0.00000
0.00000
0.00843
0.03695
0.00000
0.00000
0.00000
0.00000
0.00000
0.00000
0.00058
0.59381
0.00000
0.00000
0.00000
0.12108
0.08049
0.00001
0.00000
0.00000
0.00000
0.00000
0.00000
0.00000
0.00000
0.00000
0.00089
0.00000
0.00000
0.00000
0.40987
0.35993
0.28667
0.09523
0.00000
0.00000
0.00054
0.00000
0.00000
0.00000
0.00111
0.00000
0.00000
0.00000
0.00000
0.00000
0.00000
0.56118
0.64705
0.00178
0.00000
0.00001
0.00211
0.00000
0.02282
0.00000
0.00000
0.01775
0.00000
0.00000
0.00000
0.43683
0.00000
0.00000
0.00837
0.35119
0.00000
0.00000
0.00000
0.00042
0.00000
0.00133
0.07511
0.44950
0.99522
0.00000
0.00000
0.00000
0.00000
0.00000
0.00000
0.00000
0.00000
0.00000
0.00000
0.00087
0.00000
0.00000
0.01748
0.26690
0.00057
0.00000
0.00000
0.06655
0.00000
0.00000
0.00000
0.00000
0.00000
0.00000
0.08216
0.00000
0.00000
0.00104
0.03445
0.00000
0.00000
0.00000
0.00552
0.00000
0.00146
0.47878
0.13399
0.00021
0.00015
0.00000
0.00084
0.00118
0.00000
0.00000
0.30529
0.12713
0.04233
0.01121
0.00001
0.00000
0.00000
0.00003
0.00011
0.00005
0.00000
0.00000
0.00000
0.00000
0.00000
0.00000
0.00000
0.00000
0.00000
0.00000
0.00000
0.00000
0.00000
0.00000
0.00000
0.02018
0.01162
0.00000
0.00000
0.00000
0.00022
0.00000
0.00000
0.00000
0.00000
0.00000
0.00000
0.00000
0.00000
0.00000
0.17816
0.05075
0.00000
0.00000
0.00037
0.00017
0.00076
0.00000
0.00000
0.00096
0.00000
0.00000
0.00000
0.00000
0.00000
0.00000
0.00000
0.39838
0.00967
0.00000
0.00000
0.00521
0.00782
0.00901
0.00516
0.00000
0.00318
0.00017
0.00000
0.00000
0.00000
0.00000
0.00000
0.00000
0.56973
0.44106
0.01830
0.09888
0.06664
0.02230
0.04029
0.01151
0.00502
0.00092
0.07352
0.00000
0.00000
0.00000
0.00000
0.00000
0.18080
1.00000
0.79098
0.17707
0.00038
0.18696
0.00000
0.00014
0.00000
0.00239
0.00000
0.00468
0.06616
0.00787
0.00000
0.00000
0.00000
0.00000
1.00000
0.21641
0.00000
0.00000
0.00000
0.00000
0.00000
0.00113
0.00002
0.00000
0.00000
0.00000
0.00000
0.00280
0.00000
0.00000
0.00000
0.00000
0.00000
0.00000
0.00000
0.00010
0.00000
0.00000
0.00000
0.00000
0.00000
0.00015
0.00000
0.00000
0.00000
0.00000
0.00000
0.00000
0.00078
0.24898
0.00167
0.00000
0.00000
0.00000
0.00002
0.00597
0.00000
0.00000
0.11915
0.00000
0.00000
0.00597
0.01412
0.00047
0.00000
0.00093
0.00009
0.00000
0.00000
0.00000
0.00000
0.00000
0.00000
0.00000
0.00000
0.00030
0.00000
0.00000
0.00000
0.00075
0.00000
0.00000
0.00000
0.00000
0.00000
0.00000
0.00000
0.00009
0.00000
0.00000
0.02774
0.00143
0.00000
0.00000
0.00260
0.00276
0.00001
0.00000
0.00000
0.00000
0.00000
0.00000
0.00000
0.00013
0.03778
0.00000
0.00000
0.00000
0.00000
0.00000
0.00000
0.04548
0.01325
0.00186
0.00000
0.00000
0.00000
0.00000
0.00000
0.00000
0.00000
0.00000
0.00001
0.00000
0.00000
0.00000
0.00004
0.00000
0.00200
0.10389
0.01830
0.00662
0.00326
0.00039
0.00000
0.00000
0.00020
0.00000
0.00000
0.00000
0.46185
0.00000
0.00000
0.00000
0.00000
0.36995
0.79500
0.60702
0.35498
0.09035
0.13937
0.06128
0.00002
0.00000
0.00004
0.00000
0.00258
0.16259
0.00002
0.00000
0.13198
0.00000
0.00000
0.00000
1.00000
0.83760
0.00014
0.00000
0.01077
0.00000
0.00000
0.00000
0.00000
0.00000
0.00272
0.00000
0.00000
0.00000
0.00000
0.00000
0.00000
0.00000
0.00000
0.00000
0.00000
0.00038
0.00000
0.00000
0.00000
0.00000
0.00000
0.00000
0.00000
0.00000
0.00000
0.00000
0.00000
0.00000
0.00000
0.00000
0.09584
0.01971
0.00000
0.00000
0.00000
0.00038
0.00548
0.00000
0.00000
0.00000
0.00000
0.00000
0.00069
0.00341
0.00115
0.00000
0.00000
0.00002
0.00000
0.00000
0.00000
0.00000
0.00000
0.00000
0.00000
0.00000
0.00000
0.00000
0.00000
0.00000
0.00000
0.00000
0.00000
0.00053
0.00000
0.00000
0.04472
0.01553
0.01034
0.00118
0.00000
0.00000
0.00000
0.00000
0.00000
0.00000
0.00000
0.00000
0.00056
0.00000
0.00000
0.00000
0.00168
0.26851
0.24285
0.06495
0.00170
0.00000
0.00000
0.00000
0.00000
0.00000
0.00000
0.00000
0.00000
0.00000
0.00000
0.00000
0.00000
0.00000
0.57888
0.32716
0.02592
0.00000
0.00000
0.00000
0.00000
0.00000
0.00000
0.00000
0.00000
0.00000
0.00000
0.01152
0.00000
0.00000
0.00000
0.98263
0.01862
0.00000
0.00000
0.01632
0.01800
0.00558
0.00456
0.00000
0.00000
0.00000
0.00000
0.00011
0.33350
0.40905
0.00000
0.93232
0.00000
0.00000
0.00000
0.00000
0.46847
0.00903
0.00000
0.03706
0.00010
0.00000
0.00000
0.00094
0.06394
0.22128
0.09118
0.02915
0.00000
0.00000
0.00000
0.06230
0.00000
0.00000
0.00000
0.00000
0.00776
0.00000
0.00000
0.00000
0.00003
0.01872
0.07022
0.18210
0.00000
0.00000
0.00000
0.00000
0.00000
0.00000
0.00000
0.00003
0.00272
0.00000
0.00000
0.00000
0.00747
0.01355
0.06605
0.00000
0.00000
0.00000
0.00000
0.00136
0.00000
0.00000
0.00000
0.00000
0.00000
0.00000
0.00000
0.00000
0.00000
0.00000
0.00000
0.00000
0.00000
0.00000
0.00000
0.00007
0.00003
0.00000
0.00000
0.00000
0.00000
0.00000
0.00000
0.00000
0.00000
0.00003
0.00000
0.00144
0.05476
0.00991
0.00247
0.00263
0.00003
0.00000
0.00000
0.00000
0.00000
0.00000
0.00000
0.00000
0.00000
0.00000
0.00000
0.13723
0.00012
0.04569
0.06817
0.03776
0.00068
0.00000
0.00000
0.00000
0.00000
0.00000
0.00000
0.00000
0.00000
0.00000
0.09742
0.00000
0.18835
0.00000
0.00000
0.00000
0.00000
0.00436
0.00000
0.00000
0.00000
0.00000
0.01550
0.00817
0.09347
0.75905
0.94928
0.02982
0.00000
0.00000
0.00000
0.00000
0.11751
0.00840
0.00010
0.00024
0.00000
0.00005
0.01298
0.10628
0.65295
0.81729
0.01287
0.00000
0.00000
0.00000
0.00000
0.00000
0.00000
0.00000
0.00006
0.00002
0.00000
0.00000
0.00141
0.08482
0.37797
0.00000
0.00000
0.00000
0.00000
0.00766
0.00000
0.00000
0.00000
0.00000
0.00000
0.00000
0.00033
0.00336
0.00767
0.01537
0.00000
0.00000
0.00000
0.00000
0.00000
0.00000
0.00000
0.00000
0.00000
0.00000
0.00000
0.00000
0.00000
0.00000
0.00000
0.00000
0.00000
0.00000
0.00001
0.00104
0.00362
0.00037
0.00000
0.00000
0.00000
0.00000
0.00000
0.00000
0.00000
0.00000
0.00000
0.00000
0.06287
0.02590
0.00331
0.00001
0.00000
0.00000
0.00000
0.00000
0.00000
0.00000
0.00000
0.00000
0.51859
0.47617
0.22519
0.00000
0.00000
0.00003
0.00042
0.00000
0.00000
0.00000
0.00000
0.00000
0.00000
0.00000
0.63456
0.94788
0.00042
0.00000
0.00000
0.00000
0.00166
0.00036
0.00000
0.00000
0.00000
0.00007
0.00000
0.00000
0.00000
0.83923
0.00000
0.00000
0.00000
0.00000
0.00000
0.00001
0.00000
0.00184
0.00000
0.00000
0.02037
0.00000
0.00000
0.00000
0.00000
0.00000
0.00000
0.00094
0.00000
0.00000
0.00000
0.00000
0.00000
0.00000
0.00000
0.00000
0.00000
0.00000
0.00000
0.00000
0.00000
0.00000
0.00000
0.00000
0.00000
0.00000
0.00000
0.00000
0.00000
0.00001
0.00000
0.02395
0.00786
0.00107
0.00000
0.00000
0.00000
0.00000
0.00000
0.00000
0.00000
0.00000
0.00000
0.30965
0.20155
0.08473
0.00970
0.00404
0.00002
0.00000
0.00000
0.00000
0.00000
0.00624
0.00000
0.00000
0.00276
0.01324
0.00063
0.00000
0.00000
0.00000
0.00000
0.00000
0.00000
0.00000
0.00000
0.00011
0.00312
0.00286
0.00000
0.00000
0.00000
0.00000
0.00000
0.00000
0.00000
0.00000
0.00000
0.00000
0.00000
0.00000
0.00000
0.00000
0.00000
0.00000
0.00000
0.00000
0.00000
0.00000
0.00000
0.00000
0.00072
0.00017
0.00000
0.00000
0.00000
0.00000
0.00000
0.00000
0.00070
0.04022
0.02387
0.00000
0.00000
0.00004
0.00000
0.00000
0.00060
0.00200
0.00000
0.00000
0.00000
0.00161
0.00010
0.01337
0.00000
0.00000
0.00000
0.00000
0.00000
0.00000
0.00000
0.00000
0.00000
0.00000
0.00000
0.00000
0.00000
0.00000
0.00000
0.00005
0.00000
0.00000
0.00000
0.00037
0.00000
0.00000
0.00000
0.00000
0.00000
