0.00053
0.00000
0.00000
0.00108
0.00008
0.00000
0.00006
0.00000
0.00000
0.00000
0.00000
0.00011
0.00130
0.00019
0.00022
0.00000
0.00000
0.00000
0.00000
0.00000
0.00000
0.00000
0.00004
0.00000
0.00000
0.00000
0.00000
0.00000
0.00000
0.00000
0.00000
0.00000
0.00000
0.00000
0.00000
0.00000
0.00000
0.00000
0.00000
0.00000
0.00000
0.00000
0.00000
0.00000
0.00000
0.00000
0.00000
0.00000
0.00000
0.00000
0.01104
0.00009
0.00768
0.00000
0.00000
0.00000
0.00000
0.00700
0.07101
0.00000
0.00000
0.00000
0.00000
0.01657
0.00000
0.04198
0.00000
0.00000
0.06470
0.22064
0.14135
0.00000
0.00000
0.02595
0.00000
0.01339
0.06804
0.00000
0.00000
0.02411
0.06308
0.05123
0.00000
0.00000
0.00000
0.00000
0.00000
0.00000
0.01109
0.00000
0.00000
0.00493
0.00607
0.00013
0.00226
0.00000
0.00000
0.00000
0.00000
0.00785
0.00832
0.00611
0.00082
0.00000
0.00000
0.00000
0.00000
0.00000
0.00000
0.00000
0.00029
0.00000
0.00000
0.00000
0.00000
0.00000
0.00000
0.00000
0.00000
0.00000
0.00000
0.00000
0.00000
0.00000
0.00000
0.00000
0.00071
0.01105
0.00000
0.00000
0.00000
0.00000
0.02834
0.00064
0.01584
0.00000
0.00000
0.00000
0.00000
0.14043
0.00533
0.00000
0.00000
0.00001
0.00000
0.00036
0.04426
0.00000
0.00000
0.00000
0.41960
0.01982
0.00155
0.00000
0.13877
0.00000
0.00000
0.00000
0.73219
0.20404
0.00000
0.00000
0.00000
0.01031
0.00035
0.00000
0.01109
0.00000
0.00000
0.00000
0.68037
0.22982
0.00000
0.00000
0.00000
0.00096
0.00000
0.00000
0.00000
0.00000
0.00000
0.40435
0.28469
0.14270
0.00185
0.00000
0.00000
0.00012
0.00000
0.00000
0.04982
0.19909
0.00000
0.00000
0.01529
0.01332
0.01247
0.00013
0.00050
0.01156
0.08849
0.04332
0.00000
0.00000
0.00000
0.00000
0.00000
0.00000
0.00001
0.00002
0.00001
0.00000
0.00000
0.00000
0.00000
0.00000
0.00000
0.00000
0.00000
0.00122
0.00724
0.00044
0.00023
0.00001
0.00012
0.00308
0.00619
0.00004
0.00000
0.00000
0.00000
0.00079
0.00042
0.00000
0.00000
0.00000
0.00058
0.00000
0.00000
0.00000
0.00000
0.00000
0.00000
0.00027
0.00370
0.00000
0.00000
0.00000
0.00000
0.00000
0.00000
0.00000
0.00033
0.00000
0.00000
0.06704
0.18447
0.00000
0.00000
0.02440
0.00019
0.00000
0.00000
0.00000
0.00000
0.00000
0.00001
0.96957
0.00173
0.00000
0.00000
0.01181
0.00027
0.00000
0.01406
0.27349
0.00000
0.00000
0.00000
0.00000
0.00000
0.00059
0.84544
0.00000
0.00000
0.00000
0.02103
0.00000
0.00000
0.00970
0.00000
0.00000
0.01555
0.00000
0.00000
0.00000
0.00000
0.00076
0.00000
0.00000
0.00000
0.00252
0.00000
0.00040
0.01309
0.00000
0.97975
0.00000
0.00000
0.00000
0.00000
0.09319
0.06583
0.00002
0.00016
0.00002
0.00000
0.09310
0.00617
0.00000
0.00000
0.01635
0.00600
0.00058
0.00000
0.00000
0.00000
0.00768
0.00652
0.00000
0.00000
0.00000
0.00000
0.00000
0.00000
0.00000
0.00000
0.00000
0.00003
0.01073
0.02824
0.02451
0.00001
0.00000
0.01353
0.06034
0.04035
0.02409
0.02110
0.00000
0.00000
0.39916
0.00000
0.00000
0.00000
0.00000
0.00000
0.00180
0.00000
0.00000
0.00000
0.01473
0.00000
0.00000
0.05466
0.00000
0.00000
0.00000
0.00000
0.00000
0.00000
0.00000
0.00006
0.00000
0.00000
0.00000
0.00000
0.00000
0.00000
0.96629
0.84539
0.00000
0.00000
0.00000
0.00000
0.00000
0.00000
0.00000
0.20753
0.00000
0.00000
0.00000
0.00000
0.00000
0.00001
1.00000
1.00000
0.00000
0.00000
0.00000
0.00007
0.00000
0.00294
0.25679
0.15354
0.00000
0.00000
0.00000
0.04771
0.00000
0.00000
0.00000
1.00000
0.00000
0.00000
0.00000
0.00056
0.00000
0.00000
0.00318
0.16670
0.89185
0.00000
0.00000
0.00000
0.00000
0.00000
0.00000
0.00000
0.00000
0.00000
0.00000
0.00480
0.00000
0.00000
0.07385
0.00146
0.00000
0.00000
0.00000
0.00000
0.00000
0.00000
0.00381
0.00000
0.01102
0.01643
0.00000
0.00000
0.00631
0.00000
0.00000
0.00000
0.63498
0.00000
0.00000
0.21356
0.02792
0.00326
0.00007
0.00000
0.00000
0.00122
0.10434
0.05890
0.00237
0.00077
0.00000
0.00000
0.00000
0.00000
0.00000
0.00000
0.00000
0.00000
0.00000
0.00000
0.00000
0.00000
0.00000
0.00007
0.00096
0.00000
0.00000
0.00000
0.00000
0.00000
0.06968
0.04698
0.02836
0.00000
0.00000
0.02887
0.05323
0.00007
0.00000
0.00000
0.00000
0.00000
0.00000
0.00000
0.46218
0.00000
0.00000
0.00000
0.14672
0.09739
0.00000
0.00000
0.00000
0.00000
0.00000
0.00000
0.00000
0.00000
0.00000
0.01000
0.00000
0.00000
0.00000
0.48450
0.50166
0.37760
0.00000
0.00000
0.00000
0.00154
0.00000
0.00000
0.00000
0.08918
0.00000
0.00000
0.00000
0.00000
0.00000
0.06986
0.72192
0.76620
0.00000
0.00000
0.00003
0.00063
0.00003
0.03871
0.00000
0.01811
0.99078
0.00000
0.00000
0.00000
0.01131
0.00000
0.00000
0.00000
0.00000
0.00000
0.00000
0.00000
0.00009
0.00000
0.00421
0.07236
0.64167
1.00000
0.00769
0.00000
0.04341
0.00000
0.00000
0.00000
0.00000
0.00000
0.00000
0.00000
0.00000
0.00000
0.00000
0.00000
0.01111
0.00000
0.00000
0.00000
1.00000
0.00000
0.00000
0.00200
0.00000
0.00000
0.00000
0.09777
0.00000
0.00000
0.00028
0.07311
0.00000
0.00000
0.00000
0.48692
0.00000
0.00006
0.47732
0.17195
0.00012
0.00081
0.00000
0.00679
0.00000
0.00000
0.06251
0.26358
0.08824
0.03137
0.00790
0.00000
0.00000
0.00001
0.00002
0.00002
0.00000
0.00000
0.00000
0.00000
0.00000
0.00000
0.00000
0.00000
0.00000
0.00000
0.00000
0.00000
0.00000
0.00000
0.00000
0.00151
0.01158
0.00375
0.00000
0.00000
0.00000
0.00003
0.00002
0.00000
0.00000
0.00000
0.00000
0.00000
0.00000
0.00000
0.01655
0.17836
0.00711
0.00000
0.00000
0.00026
0.00206
0.00281
0.00003
0.00000
0.00088
0.00000
0.00000
0.00000
0.00000
0.00000
0.00000
0.00000
0.28117
0.00000
0.00000
0.00150
0.02141
0.03416
0.03292
0.01151
0.00000
0.00915
0.00005
0.00000
0.00000
0.00000
0.00000
0.00000
0.00000
0.49988
0.25273
0.00567
0.14386
0.10511
0.05066
0.09866
0.00873
0.00657
0.00374
0.12170
0.00000
0.00000
0.00000
0.00000
0.99437
1.00000
0.93020
0.60271
0.00072
0.00000
0.00000
0.00000
0.00053
0.00000
0.00000
0.00000
0.01368
0.01168
0.00000
0.00000
0.86013
0.00000
0.00000
1.00000
0.11297
0.00000
0.00000
0.00000
0.00000
0.00000
0.00000
0.00001
0.00000
0.00000
0.00000
0.00000
0.00000
0.00000
0.00000
0.00000
0.00000
0.00000
0.00000
0.00000
0.00000
0.00000
0.00000
0.00000
0.00000
0.00000
0.00000
0.00000
0.00000
0.00000
0.00000
0.00000
0.00000
0.00000
0.27963
0.00569
0.00000
0.00000
0.00000
0.00001
0.00033
0.00000
0.00000
0.11302
0.00000
0.00000
0.00633
0.01475
0.00181
0.00000
0.00060
0.00001
0.00000
0.00000
0.00000
0.00000
0.00000
0.00000
0.00000
0.00000
0.00002
0.02019
0.00000
0.00000
0.00014
0.00000
0.00000
0.00000
0.00000
0.00000
0.00000
0.00000
0.00021
0.00000
0.00000
0.00468
0.00000
0.00000
0.00000
0.00903
0.00232
0.00000
0.00000
0.00000
0.00000
0.00000
0.00000
0.00000
0.00007
0.04104
0.00000
0.00000
0.00000
0.00000
0.00103
0.00000
0.00001
0.01266
0.00045
0.00000
0.00000
0.00000
0.00000
0.00000
0.00000
0.00010
0.00000
0.08983
0.00000
0.00000
0.00000
0.00000
0.00000
0.04822
0.04501
0.01929
0.00360
0.00919
0.00049
0.00000
0.00004
0.00046
0.00000
0.00000
0.00000
0.21338
0.00000
0.00000
0.00000
0.00000
0.96783
0.69649
0.53401
0.25021
0.09702
0.11488
0.05840
0.00000
0.00034
0.00062
0.00000
0.00162
0.10556
0.00000
0.00000
0.02731
0.99916
0.00049
0.14439
0.84240
0.80793
0.00234
0.00000
0.00001
0.00000
0.00000
0.00059
0.00000
0.00000
0.00205
0.00026
0.00000
0.00000
0.00000
0.00000
0.00000
0.00000
0.00000
0.00000
0.00000
0.00000
0.00000
0.00000
0.00000
0.00000
0.00000
0.00000
0.00058
0.00000
0.00000
0.00000
0.00000
0.00000
0.00000
0.00000
0.00009
0.00261
0.00000
0.00000
0.00000
0.00002
0.00068
0.00000
0.00000
0.00000
0.00000
0.00000
0.00000
0.00844
0.00344
0.00000
0.00000
0.00000
0.00000
0.00000
0.00000
0.00000
0.00000
0.00000
0.00000
0.00000
0.00000
0.00000
0.00000
0.00000
0.00000
0.00000
0.00000
0.00106
0.00000
0.00000
0.01914
0.00938
0.00186
0.00010
0.00000
0.00000
0.00000
0.00000
0.00000
0.00000
0.00000
0.00000
0.00244
0.00000
0.00000
0.00000
0.17900
0.09148
0.08414
0.01334
0.00084
0.00000
0.00000
0.00000
0.00000
0.00000
0.00000
0.00000
0.00000
0.00000
0.00000
0.00000
0.00000
0.08957
0.27680
0.22536
0.00765
0.00004
0.00000
0.00000
0.00000
0.00000
0.00000
0.00000
0.00000
0.00000
0.00000
0.00000
0.00000
0.00000
0.00022
0.72228
0.12383
0.00000
0.00000
0.01544
0.02096
0.00427
0.00247
0.00000
0.00000
0.00000
0.00000
0.00000
0.26198
0.02345
0.00000
0.88484
0.77447
0.00709
0.00000
0.00000
0.43023
0.19930
0.00000
0.00003
0.00380
0.00001
0.00000
0.00012
0.03336
0.08596
0.38824
0.80525
0.04883
0.00000
0.00203
0.59682
0.00000
0.00000
0.00000
0.00000
0.00963
0.00000
0.00000
0.00000
0.00000
0.00240
0.08775
0.28753
0.00000
0.00000
0.00000
0.00000
0.00000
0.00000
0.00000
0.00000
0.00496
0.00000
0.00000
0.00000
0.00005
0.00082
0.00000
0.00000
0.00000
0.00000
0.00000
0.00156
0.00001
0.00000
0.00000
0.00000
0.00000
0.00000
0.00000
0.00000
0.00000
0.00000
0.00000
0.00000
0.00000
0.00000
0.00000
0.00018
0.00010
0.00000
0.00000
0.00000
0.00000
0.00000
0.00000
0.00000
0.00000
0.00010
0.00000
0.00562
0.04834
0.00692
0.00011
0.00012
0.00003
0.00000
0.00000
0.00000
0.00000
0.00000
0.00000
0.00000
0.00000
0.00000
0.00000
0.06385
0.00597
0.02691
0.05670
0.01754
0.00004
0.00000
0.00000
0.00000
0.00000
0.00000
0.00000
0.00000
0.00000
0.00000
0.01446
0.00000
0.20717
0.00000
0.00000
0.00000
0.00000
0.00189
0.00002
0.00000
0.00000
0.00000
0.02111
0.02298
0.26990
0.52041
0.66348
0.02511
0.00000
0.00000
0.00000
0.00000
0.12037
0.04461
0.00040
0.00010
0.00000
0.00002
0.00994
0.04367
0.34301
0.50524
0.24409
0.00000
0.00000
0.00000
0.00000
0.00030
0.00000
0.00000
0.00000
0.00004
0.00000
0.00000
0.00000
0.00804
0.12365
0.00201
0.00000
0.00000
0.00000
0.00550
0.00000
0.00000
0.00000
0.00000
0.00000
0.00000
0.00000
0.00003
0.00024
0.00796
0.00000
0.00000
0.00000
0.00000
0.00000
0.00000
0.00000
0.00000
0.00000
0.00000
0.00000
0.00000
0.00000
0.00000
0.00000
0.00000
0.00000
0.00000
0.00001
0.00061
0.00351
0.00021
0.00000
0.00000
0.00000
0.00000
0.00000
0.00000
0.00000
0.00000
0.00000
0.00000
0.05077
0.00907
0.00284
0.00006
0.00000
0.00000
0.00000
0.00000
0.00000
0.00000
0.00000
0.00000
0.48826
0.47590
0.18789
0.00000
0.00000
0.00000
0.00000
0.00000
0.00000
0.00000
0.00000
0.00000
0.00000
0.00000
0.83956
0.84571
0.00031
0.00000
0.00000
0.00000
0.00000
0.00037
0.00000
0.00000
0.00000
0.00004
0.00000
0.00000
0.00000
0.53632
0.00000
0.00000
0.00000
0.00000
0.00000
0.00009
0.00000
0.00068
0.00000
0.00000
0.00573
0.00000
0.00000
0.00000
0.00000
0.00000
0.00000
0.00003
0.00002
0.00000
0.00000
0.00000
0.00000
0.00000
0.00000
0.00000
0.00000
0.00000
0.00000
0.00000
0.00000
0.00000
0.00000
0.00000
0.00000
0.00000
0.00000
0.00000
0.00000
0.00000
0.00000
0.03025
0.01058
0.00066
0.00000
0.00000
0.00000
0.00000
0.00000
0.00000
0.00000
0.00000
0.00000
0.35617
0.19315
0.05241
0.01563
0.01600
0.00080
0.00000
0.00000
0.00000
0.00000
0.00100
0.00000
0.00000
0.00001
0.01697
0.00268
0.00001
0.00002
0.00000
0.00000
0.00000
0.00000
0.00000
0.00000
0.00000
0.00018
0.00091
0.00000
0.00000
0.00000
0.00000
0.00000
0.00000
0.00000
0.00000
0.00000
0.00000
0.00000
0.00000
0.00000
0.00000
0.00000
0.00000
0.00000
0.00000
0.00000
0.00000
0.00000
0.00000
0.00137
0.00051
0.00000
0.00000
0.00000
0.00000
0.00000
0.00000
0.00000
0.04530
0.00638
0.00000
0.00000
0.00007
0.00000
0.00000
0.00000
0.01264
0.00000
0.00000
0.00000
0.00000
0.00035
0.01162
0.00000
0.00000
0.00000
0.00000
0.00000
0.00000
0.00000
0.00000
0.00000
0.00000
0.00000
0.00000
0.00000
0.00000
0.00000
0.00016
0.00005
0.00000
0.00000
0.00143
0.00000
0.00000
0.00000
0.00000
0.00000
