0.00000
0.00000
0.00000
0.00000
0.00000
0.00000
0.00000
0.00000
0.00000
0.00009
0.00000
0.00000
0.00000
0.00000
0.00000
0.00003
0.00000
0.00000
0.00000
0.00000
0.00000
0.00000
0.00000
0.00000
0.00000
0.00000
0.00000
0.00000
0.00000
0.00000
0.00000
0.00000
0.00001
0.00000
0.00000
0.00000
0.00000
0.00000
0.00000
0.00000
0.08265
0.00504
0.00765
0.00544
0.00000
0.00000
0.00000
0.00000
0.05814
0.08985
0.11726
0.02664
0.00019
0.00000
0.00053
0.01448
0.00053
0.10161
0.00836
0.00011
0.01063
0.00130
0.00000
0.00006
0.00523
0.00000
0.00000
0.00000
0.00066
0.00000
0.00000
0.00000
0.00004
0.00000
0.00000
0.00093
0.00000
0.00000
0.00000
0.00000
0.00000
0.00000
0.00000
0.00000
0.00000
0.00000
0.00000
0.00000
0.00000
0.00000
0.00000
0.00000
0.00000
0.00000
0.00000
0.00000
0.00000
0.84753
0.00000
0.00000
0.00000
0.00674
0.00000
0.00000
0.00000
0.00000
0.00000
0.00000
0.59840
0.00000
0.00000
0.00000
0.00318
0.00000
0.00000
0.00000
0.00000
0.00000
0.00000
0.00487
0.00241
0.00001
0.00000
0.00360
0.00000
0.00000
0.00000
0.00000
0.00000
0.02935
0.00102
0.00566
0.06487
0.00000
0.00000
0.00000
0.02549
0.00073
0.00000
0.00089
0.00208
0.00148
0.00172
0.00000
0.00000
0.00205
0.00025
0.00000
0.00000
0.00000
0.00965
0.03025
0.00000
0.00000
0.00000
0.49404
0.00082
0.00000
0.00000
0.00000
0.00000
0.00000
0.00000
0.00000
0.00000
0.00000
0.00000
0.85608
0.00000
0.00000
0.00000
0.00085
0.03295
0.00000
0.00000
0.00000
0.00000
0.00000
0.00000
0.01666
0.39303
0.00000
0.00000
0.00000
0.00029
0.04643
0.10763
0.00000
0.00000
0.00000
0.00000
0.00000
0.00000
0.00000
0.00000
0.00000
0.00000
0.00000
0.00630
0.04693
0.00056
0.00000
0.00000
0.00000
0.00000
0.00000
0.00005
0.00030
0.00000
0.00081
0.04166
0.35725
0.05334
0.00000
0.00000
0.25369
0.01140
0.00003
0.01580
0.03255
0.01147
0.03807
0.00386
0.00000
0.00000
0.00000
0.00000
0.00000
0.00000
0.00000
0.00000
0.00000
0.00000
0.00000
0.07253
0.03323
0.00000
0.00000
0.00000
0.04500
0.03327
0.00000
0.00000
0.00000
0.00000
0.00000
0.00004
0.41759
0.00000
0.00000
0.00000
0.31378
0.02924
0.00047
0.00000
0.00017
0.00000
0.00000
0.00000
0.00000
0.00000
0.65228
0.05530
0.00000
0.71511
0.00331
0.00005
0.00000
0.00000
0.00005
0.00000
0.00000
0.36199
0.03105
0.00000
0.06197
0.02464
0.00000
0.00000
0.00000
0.00000
0.00417
0.00000
0.00087
0.03947
0.00000
0.00000
0.01181
0.60225
0.00000
0.00000
0.00000
0.00000
0.00000
0.00000
0.00041
0.00000
0.00000
0.00725
0.00000
0.00000
0.00000
0.00369
0.07899
0.00003
0.00043
0.00004
0.00000
0.00000
0.00000
0.00293
0.00000
0.00000
0.00000
0.00000
0.00000
0.00000
0.00000
0.00000
0.00000
0.00000
0.01350
0.00340
0.00000
0.00000
0.00000
0.00000
0.00000
0.00041
0.00000
0.00000
0.00000
0.04756
0.03368
0.00041
0.00000
0.00492
0.00055
0.00003
0.00000
0.00000
0.00000
0.00000
0.00000
0.00000
0.00000
0.11049
0.20962
0.16052
0.18004
0.11813
0.02247
0.00001
0.00000
0.00000
0.00000
0.00000
0.00000
0.71022
0.50723
0.71596
0.75386
0.59734
0.55062
0.40514
0.00000
0.00000
0.00000
0.00000
0.00031
0.01014
0.02051
0.00000
0.00000
0.03059
0.96948
0.00000
0.00000
0.00000
0.00000
0.00000
0.00000
0.00000
0.00000
0.00000
0.00000
0.00000
0.00003
0.00000
0.00000
0.00000
0.00000
0.00113
0.00000
0.00000
0.00000
0.00000
0.00000
0.00000
0.00000
0.00000
0.00000
0.00000
0.00001
0.00000
0.00000
0.00000
0.00000
0.00000
0.00000
0.00013
0.00000
0.00000
0.01214
0.03080
0.00187
0.00000
0.00000
0.00000
0.00000
0.00000
0.00000
0.00000
0.00004
0.00000
0.00000
0.00000
0.10177
0.28805
0.12778
0.02092
0.00081
0.00095
0.00190
0.00034
0.00000
0.00000
0.00021
0.00000
0.00000
0.00000
0.16062
0.39456
0.47381
0.24275
0.08599
0.02280
0.04314
0.00947
0.00033
0.00000
0.00000
0.00007
0.00074
0.01212
0.03796
0.00000
0.00000
0.23345
0.08545
0.00977
0.00000
0.00000
0.00002
0.00000
0.00000
0.00000
0.00000
0.00000
0.00000
0.02166
0.00000
0.00000
0.00000
0.00000
0.00000
0.00000
0.00000
0.00000
0.00000
0.00000
0.00000
0.00000
0.00000
0.00000
0.00000
0.00000
0.00000
0.00000
0.00000
0.00020
0.00000
0.00000
0.00006
0.00051
0.00000
0.00000
0.00000
0.00000
0.00000
0.00000
0.00000
0.00000
0.02213
0.01723
0.00839
0.00000
0.00000
0.00000
0.00000
0.00000
0.00000
0.05277
0.00076
0.04944
0.07853
0.05818
0.00000
0.00000
0.00000
0.00000
0.00000
0.00000
0.00000
0.00000
0.00065
0.00579
0.04322
0.04516
0.00304
0.00000
0.00000
0.00000
0.00000
0.00000
0.00000
0.00000
0.00000
0.00000
0.00000
0.00000
0.00000
0.00028
0.00000
0.00010
0.00000
0.00000
0.00000
0.00000
0.00000
0.00000
0.00000
0.00000
0.00000
0.00000
0.00000
0.00024
0.00000
0.00000
0.00000
0.00000
0.00000
0.00000
0.00000
0.00000
0.02658
0.00554
0.00012
0.00000
0.00000
0.00000
0.00000
0.00000
0.00111
0.16114
0.08114
0.00276
0.00000
0.00000
0.00000
0.00000
0.00062
0.01140
0.00146
0.00020
0.00000
0.00000
0.00000
0.00000
0.00000
0.00000
0.00000
0.00000
0.00000
0.00000
0.00000
0.00000
0.00000
0.00000
0.00000
0.00000
0.00000
0.00000
0.00000
0.00000
0.00000
0.00082
0.06800
0.00010
0.00000
0.00000
0.00000
0.00000
0.00000
0.00000
0.02709
0.00015
0.00000
0.00000
0.00000
0.00000
0.00000
0.00000
0.00000
0.00000
0.00000
0.00000
0.00000
0.00000
0.00000
0.00000
0.00000
0.00000
0.00000
0.00000
0.00000
0.00000
0.00000
0.00000
0.00000
0.00000
0.00000
0.00000
0.00000
0.00000
0.00000
0.00000
0.00000
0.00000
