0.00000
0.00000
0.00000
0.00000
0.00000
0.00000
0.00000
0.00000
0.00000
0.00002
0.00000
0.00000
0.00000
0.00000
0.00000
0.00001
0.00000
0.00000
0.00000
0.00000
0.00000
0.00000
0.00000
0.00001
0.00000
0.00000
0.00000
0.00000
0.00000
0.00000
0.00000
0.00000
0.00000
0.00000
0.00000
0.00000
0.00000
0.00000
0.00000
0.00007
0.06837
0.00000
0.00058
0.01466
0.00000
0.00000
0.00000
0.00223
0.08235
0.05697
0.03406
0.02215
0.00006
0.00000
0.00082
0.00829
0.00165
0.18314
0.00105
0.00000
0.00401
0.00143
0.00000
0.00009
0.00327
0.00046
0.00000
0.00000
0.00002
0.00000
0.00000
0.00000
0.00011
0.00000
0.00000
0.00203
0.00002
0.00000
0.00000
0.00000
0.00000
0.00001
0.00000
0.00000
0.00000
0.00000
0.00000
0.00000
0.00000
0.00000
0.00000
0.00000
0.00000
0.00000
0.00000
0.00000
0.00886
0.37526
0.00156
0.00000
0.00093
0.00065
0.00000
0.00000
0.00000
0.00000
0.00000
0.00004
0.44336
0.00316
0.00000
0.00000
0.00000
0.00000
0.00000
0.00000
0.00000
0.00000
0.00000
0.00075
0.06902
0.00002
0.00000
0.00000
0.00000
0.00000
0.00000
0.00000
0.00000
0.00791
0.00360
0.00705
0.07340
0.00000
0.00000
0.00000
0.08631
0.00381
0.00000
0.00119
0.00046
0.00000
0.01248
0.00000
0.00000
0.00212
0.00000
0.00000
0.00000
0.00000
0.02551
0.03622
0.00000
0.00000
0.00000
0.29485
0.00000
0.00000
0.00017
0.00176
0.00000
0.00000
0.00000
0.00000
0.00000
0.00000
0.30980
0.84097
0.00088
0.00000
0.00000
0.00052
0.02449
0.00000
0.00000
0.00000
0.00000
0.00000
0.00000
0.10590
0.74458
0.00000
0.00000
0.00000
0.00008
0.03631
0.00000
0.00000
0.00000
0.00000
0.00000
0.00000
0.00000
0.00103
0.00000
0.00000
0.00000
0.00000
0.00181
0.03078
0.00000
0.00000
0.00000
0.00000
0.00000
0.00000
0.00000
0.00000
0.00000
0.00011
0.05258
0.34348
0.00000
0.00000
0.00000
0.29375
0.05191
0.00068
0.03081
0.00092
0.00000
0.00033
0.02467
0.00000
0.00000
0.00000
0.00000
0.00000
0.00002
0.00000
0.00000
0.00000
0.00000
0.00000
0.06862
0.04825
0.00000
0.00000
0.00000
0.02151
0.02198
0.00017
0.00000
0.00000
0.00000
0.00000
0.00056
0.16193
0.00000
0.00000
0.00938
0.33285
0.07227
0.00000
0.00000
0.00032
0.00007
0.00000
0.00000
0.00000
0.00000
0.71152
0.00000
0.00000
0.57412
0.36804
0.00949
0.00000
0.00000
0.00001
0.00157
0.00197
0.83355
0.00392
0.00794
0.99656
0.06788
0.00000
0.00000
0.00000
0.00000
0.00035
0.00000
0.00076
0.05398
0.00000
0.00000
0.00121
1.00000
0.00000
0.00000
0.00000
0.00000
0.00000
0.00000
0.00000
0.00000
0.00000
0.09203
0.00000
0.00000
0.00000
0.00000
0.00628
0.00000
0.00132
0.00005
0.00000
0.00000
0.00000
0.00000
0.00010
0.00000
0.00000
0.00000
0.00000
0.00000
0.00000
0.00000
0.00000
0.00000
0.03116
0.00381
0.00000
0.00000
0.00000
0.00000
0.00000
0.00026
0.00000
0.00000
0.00000
0.00025
0.06501
0.00000
0.00000
0.00031
0.00007
0.00002
0.00000
0.00000
0.00000
0.00000
0.00000
0.00000
0.00000
0.10802
0.27027
0.15687
0.08303
0.08359
0.01215
0.00004
0.00000
0.00000
0.00000
0.00000
0.00000
0.05259
0.00000
0.73837
0.97986
0.58999
0.46425
0.30378
0.00000
0.00000
0.00000
0.00000
0.00021
0.02938
0.01327
0.00000
0.00000
0.00000
0.95236
0.87171
0.00095
0.00000
0.00000
0.00000
0.00000
0.00000
0.00000
0.00023
0.00000
0.00000
0.00051
0.00000
0.00000
0.00000
0.00000
0.00000
0.00000
0.00000
0.00000
0.00000
0.00000
0.00000
0.00000
0.00000
0.00000
0.00000
0.00009
0.00001
0.00069
0.00000
0.00000
0.00000
0.00000
0.00025
0.00022
0.02314
0.03872
0.08958
0.01023
0.00796
0.00057
0.00000
0.00000
0.00000
0.00000
0.00000
0.00008
0.00000
0.00000
0.00000
0.00000
0.41421
0.35249
0.10341
0.01810
0.00133
0.00253
0.00006
0.00000
0.00000
0.00021
0.00000
0.00000
0.00000
0.00000
0.14247
0.42002
0.45504
0.08407
0.02576
0.04086
0.00653
0.00005
0.00000
0.00000
0.00008
0.00764
0.04058
0.03841
0.00000
0.00000
0.24487
0.09535
0.01273
0.00000
0.00000
0.00002
0.00000
0.00000
0.00004
0.00006
0.00000
0.00000
0.05413
0.00000
0.00000
0.00000
0.00000
0.00000
0.00000
0.00000
0.00000
0.00000
0.00000
0.00000
0.00000
0.00000
0.00000
0.00000
0.00000
0.00000
0.00000
0.00000
0.00010
0.00001
0.00033
0.00446
0.00460
0.00060
0.00000
0.00000
0.00000
0.00000
0.00000
0.00000
0.00000
0.20423
0.08954
0.02161
0.00028
0.00000
0.00000
0.00000
0.00000
0.00000
0.00000
0.00000
0.00000
0.33822
0.07135
0.00000
0.00000
0.00000
0.00000
0.00000
0.00000
0.00000
0.00004
0.01652
0.07447
0.13947
0.13417
0.02310
0.00000
0.00000
0.00000
0.00000
0.00000
0.00000
0.00000
0.00000
0.00000
0.00000
0.00004
0.00059
0.00340
0.00049
0.00071
0.00000
0.00000
0.00000
0.00000
0.00000
0.00000
0.00000
0.00000
0.00000
0.00000
0.00000
0.00036
0.00000
0.00000
0.00000
0.00000
0.00000
0.00000
0.00000
0.00000
0.03403
0.05032
0.06411
0.00821
0.00000
0.00000
0.00000
0.00000
0.00148
0.26297
0.20017
0.09408
0.00002
0.00000
0.00000
0.00000
0.01771
0.10704
0.01063
0.00273
0.00008
0.00000
0.00000
0.00000
0.00000
0.00000
0.00000
0.00000
0.00000
0.00000
0.00000
0.00000
0.00000
0.00001
0.00003
0.00000
0.00000
0.00000
0.00000
0.00000
0.00000
0.01494
0.08053
0.00171
0.00000
0.00000
0.00000
0.00000
0.00000
0.00000
0.02294
0.00000
0.00000
0.00000
0.00000
0.00000
0.00000
0.00000
0.00000
0.00000
0.00000
0.00000
0.00000
0.00000
0.00000
0.00000
0.00000
0.00000
0.00000
0.00025
0.00061
0.00000
0.00000
0.00000
0.00000
0.00000
0.00000
0.00000
0.00000
0.00000
0.00000
0.00000
0.00000
0.00000
