0.00000
0.00000
0.00000
0.00000
0.00000
0.00000
0.00000
0.00000
0.00000
0.00000
0.00000
0.00000
0.00000
0.00000
0.00000
0.00002
0.00000
0.00000
0.00000
0.00000
0.00000
0.00000
0.00000
0.00002
0.00000
0.00000
0.00000
0.00000
0.00000
0.00000
0.00000
0.00000
0.00000
0.00000
0.00000
0.00001
0.00000
0.00000
0.00000
0.00000
0.03955
0.00000
0.00001
0.01695
0.00000
0.00000
0.00000
0.00003
0.07196
0.05216
0.07067
0.01517
0.00033
0.00000
0.00040
0.00015
0.00000
0.14125
0.04804
0.00651
0.00685
0.00179
0.00000
0.00012
0.00846
0.00154
0.00000
0.00001
0.00005
0.00000
0.00000
0.00000
0.00088
0.00000
0.00000
0.00052
0.00008
0.00000
0.00000
0.00000
0.00000
0.00000
0.00000
0.00000
0.00000
0.00000
0.00000
0.00000
0.00000
0.00000
0.00000
0.00000
0.00000
0.00000
0.00000
0.00000
0.03381
0.21475
0.00052
0.00000
0.00019
0.01144
0.00000
0.00000
0.00000
0.00000
0.00000
0.51680
0.44155
0.00000
0.00000
0.00000
0.00573
0.00000
0.00000
0.00000
0.00000
0.00000
0.00000
0.05465
0.00640
0.00000
0.00000
0.01318
0.00000
0.00000
0.00000
0.00000
0.00000
0.00394
0.00611
0.00642
0.12077
0.00000
0.00000
0.00000
0.01581
0.00570
0.00000
0.00531
0.00000
0.00000
0.00438
0.00000
0.00001
0.00061
0.00000
0.00000
0.00000
0.00000
0.00000
0.03109
0.00000
0.00000
0.00019
0.12377
0.00000
0.00000
0.00000
0.00272
0.00000
0.00000
0.00000
0.00000
0.00000
0.00000
0.60004
0.60863
0.00000
0.00000
0.00000
0.00039
0.04271
0.01098
0.00000
0.00000
0.00000
0.00000
0.00000
0.29706
0.63761
0.00000
0.00000
0.00000
0.00130
0.05015
0.00367
0.00000
0.00000
0.00000
0.00000
0.00000
0.00000
0.00000
0.00000
0.00000
0.00000
0.00000
0.00863
0.04577
0.00000
0.00000
0.00000
0.00000
0.00000
0.00000
0.00000
0.00000
0.00000
0.00307
0.00750
0.42086
0.00000
0.00000
0.00000
0.30411
0.00633
0.00026
0.03401
0.02194
0.00069
0.09912
0.00564
0.00000
0.00000
0.00000
0.00000
0.00000
0.00103
0.00000
0.00000
0.00000
0.00000
0.00000
0.00018
0.00005
0.00000
0.00000
0.00216
0.00932
0.00149
0.00000
0.00073
0.00000
0.00000
0.00000
0.00000
0.00000
0.00000
0.00000
0.16257
0.14786
0.00757
0.00037
0.00000
0.00000
0.00000
0.00000
0.00014
0.00000
0.00000
0.43976
0.00000
0.00000
0.53022
0.19494
0.00918
0.00000
0.00000
0.00000
0.00000
0.00000
0.00000
0.00000
0.00000
0.10028
0.00000
0.00000
0.00010
0.00000
0.00000
0.00355
0.00000
0.00331
0.00568
0.00000
0.00000
0.00000
0.53893
0.00000
0.00000
0.00482
0.00000
0.00000
0.00000
0.00111
0.00000
0.00000
0.00000
0.00000
0.00000
0.00000
0.00282
0.00096
0.00000
0.00000
0.00002
0.00000
0.00000
0.00000
0.01552
0.00000
0.00000
0.00000
0.00000
0.00000
0.00020
0.00000
0.00000
0.00000
0.00000
0.02200
0.01833
0.00000
0.00000
0.00000
0.00000
0.00000
0.01045
0.00000
0.00000
0.00000
0.00000
0.10216
0.00000
0.00003
0.00274
0.00000
0.00000
0.00000
0.00041
0.00000
0.00000
0.00000
0.00000
0.00000
0.00001
0.49835
0.31107
0.14099
0.07061
0.00662
0.00000
0.00000
0.00000
0.00000
0.00000
0.00000
0.00000
1.00000
0.99813
0.99434
0.85897
0.14023
0.27116
0.00001
0.00000
0.00000
0.00000
0.00000
0.00110
0.00023
0.00000
0.00000
0.00000
1.00000
0.00000
0.00000
0.00000
0.00000
0.00000
0.00000
0.00000
0.00008
0.00203
0.00000
0.00000
0.00000
0.00000
0.00000
0.00000
0.00000
0.00256
0.00000
0.00000
0.00000
0.00000
0.00000
0.00050
0.00002
0.00000
0.00000
0.00000
0.00001
0.00001
0.00041
0.00092
0.00000
0.00000
0.00000
0.00018
0.01317
0.01125
0.02284
0.06506
0.00029
0.00282
0.00469
0.00000
0.00000
0.00000
0.00000
0.00000
0.00021
0.00363
0.00000
0.00000
0.08225
0.40069
0.26874
0.08521
0.03242
0.04253
0.00143
0.00001
0.00000
0.00000
0.00051
0.00269
0.00000
0.00000
0.00579
0.59492
0.74955
0.49221
0.38399
0.06263
0.00079
0.00001
0.00065
0.00000
0.00006
0.00812
0.00036
0.00413
0.11459
0.00000
0.00000
0.35251
0.11494
0.00000
0.00000
0.00000
0.00011
0.00000
0.00000
0.00000
0.00024
0.00000
0.00000
0.00540
0.00000
0.00000
0.00000
0.00000
0.00024
0.00000
0.00000
0.00000
0.00000
0.00000
0.00000
0.00000
0.00000
0.00000
0.00000
0.00000
0.00000
0.00000
0.00000
0.00001
0.00012
0.00002
0.00012
0.00307
0.00010
0.00001
0.00000
0.00000
0.00000
0.00000
0.00000
0.00000
0.02182
0.07083
0.03141
0.00000
0.00000
0.00000
0.00000
0.00000
0.00000
0.00000
0.00000
0.00000
0.11989
0.03642
0.00000
0.00000
0.00000
0.00017
0.00000
0.00000
0.00000
0.00008
0.03628
0.06466
0.13781
0.11245
0.00414
0.00000
0.00000
0.00000
0.00000
0.00000
0.00000
0.00000
0.00000
0.00000
0.00045
0.00003
0.00039
0.00057
0.00070
0.00000
0.00000
0.00000
0.00000
0.00000
0.00000
0.00000
0.00000
0.00000
0.00000
0.00000
0.00000
0.00000
0.00000
0.00000
0.00000
0.00000
0.00000
0.00000
0.00000
0.00000
0.04881
0.01163
0.00205
0.00009
0.00000
0.00000
0.00000
0.00000
0.00000
0.27998
0.28990
0.01830
0.00000
0.00000
0.00000
0.00000
0.00000
0.17600
0.06085
0.00375
0.00000
0.00000
0.00000
0.00000
0.00000
0.00000
0.00000
0.00000
0.00000
0.00000
0.00000
0.00000
0.00000
0.00000
0.00000
0.00000
0.00000
0.00000
0.00000
0.00000
0.00000
0.00289
0.03906
0.00078
0.00000
0.00000
0.00000
0.00000
0.00000
0.00000
0.13882
0.00226
0.00000
0.00000
0.00000
0.00000
0.00000
0.00001
0.00000
0.00000
0.00000
0.00000
0.00000
0.00000
0.00000
0.00000
0.00000
0.00000
0.00000
0.00007
0.00000
0.00000
0.00000
0.00000
0.00000
0.00002
0.00000
0.00000
0.00000
0.00000
0.00000
0.00000
0.00000
0.00000
