0.00000
0.00000
0.00000
0.00000
0.00000
0.00000
0.00000
0.00000
0.00000
0.00000
0.00000
0.00000
0.00000
0.00000
0.00000
0.00000
0.00000
0.00000
0.00000
0.00000
0.00000
0.00000
0.00000
0.00000
0.00000
0.00000
0.00000
0.00000
0.00000
0.00000
0.00000
0.00000
0.00000
0.00000
0.00000
0.00000
0.00000
0.00000
0.00000
0.00000
0.04453
0.05733
0.00603
0.00505
0.00000
0.00000
0.00000
0.00164
0.05879
0.03924
0.04131
0.00699
0.00015
0.00000
0.00033
0.01748
0.03350
0.03032
0.00000
0.00000
0.00017
0.00003
0.00000
0.00027
0.00540
0.00000
0.00000
0.00000
0.00001
0.00000
0.00000
0.00000
0.00000
0.00000
0.00000
0.00533
0.00000
0.00000
0.00000
0.00000
0.00001
0.00002
0.00000
0.00000
0.00000
0.00000
0.00678
0.00000
0.00000
0.00000
0.00000
0.00000
0.00000
0.00000
0.00000
0.00000
0.02877
0.52323
0.09512
0.00000
0.00000
0.00356
0.00000
0.00000
0.00000
0.00000
0.00000
0.00534
0.36238
0.00000
0.00000
0.00000
0.00129
0.00000
0.00000
0.00000
0.00000
0.00000
0.00000
0.04074
0.03861
0.00000
0.00000
0.02742
0.00000
0.00000
0.00000
0.00000
0.00000
0.01506
0.00113
0.00974
0.00521
0.00000
0.00000
0.00000
0.02673
0.00000
0.00000
0.00313
0.00679
0.02383
0.01212
0.00000
0.00000
0.00054
0.00001
0.00000
0.00000
0.00000
0.00000
0.01711
0.00000
0.00000
0.00178
0.21076
0.04273
0.00000
0.00000
0.00899
0.00000
0.00000
0.00000
0.00000
0.00000
0.00000
0.00000
0.61913
0.02003
0.00000
0.00000
0.00007
0.01699
0.00531
0.00000
0.00000
0.00000
0.00000
0.00000
0.22751
0.60133
0.00000
0.00000
0.00000
0.00000
0.02391
0.13801
0.00000
0.00000
0.00000
0.00000
0.00000
0.00000
0.16946
0.04258
0.00000
0.00000
0.00000
0.00031
0.02089
0.00157
0.00000
0.00000
0.00000
0.00000
0.00000
0.07536
0.02139
0.00000
0.00013
0.00497
0.54854
0.00000
0.00000
0.00000
0.00070
0.01299
0.00150
0.03897
0.00000
0.00000
0.02084
0.00383
0.00000
0.00000
0.00000
0.00000
0.00000
0.00002
0.00000
0.00000
0.00000
0.00000
0.00000
0.00038
0.05686
0.00000
0.00000
0.00000
0.02183
0.01871
0.00000
0.00956
0.00000
0.00000
0.00000
0.00000
0.59591
0.00000
0.00000
0.00000
0.18049
0.03082
0.00121
0.00000
0.00000
0.00000
0.00000
0.01319
0.00000
0.00000
0.75878
0.05557
0.00000
0.48694
0.00126
0.00110
0.00000
0.00000
0.00000
0.00108
0.00000
0.47843
0.00740
0.00000
0.00123
0.79521
0.00021
0.01711
0.00000
0.00000
0.00444
0.00000
0.00027
0.02231
0.00000
0.00000
0.00000
0.99349
0.00000
0.00000
0.00000
0.00000
0.00000
0.00000
0.00001
0.00000
0.00000
0.00000
0.00000
0.00000
0.00000
0.00000
0.04416
0.00007
0.00210
0.00000
0.00000
0.00000
0.00000
0.00149
0.00003
0.00000
0.00000
0.00000
0.00000
0.00000
0.00000
0.00000
0.00000
0.00000
0.00193
0.01266
0.00000
0.00000
0.00000
0.00000
0.00000
0.00422
0.00000
0.00000
0.00000
0.00000
0.07465
0.00020
0.00000
0.00370
0.00032
0.00009
0.00000
0.00001
0.00000
0.00000
0.00000
0.00000
0.00000
0.11163
0.21504
0.10394
0.14777
0.12511
0.00004
0.00000
0.00000
0.00000
0.00000
0.00000
0.00000
0.00000
0.36281
0.77506
0.70120
0.59738
0.51215
0.11150
0.00000
0.00000
0.00003
0.00000
0.00000
0.01622
0.04532
0.00000
0.00000
0.00000
0.96455
0.34251
0.00000
0.00000
0.00000
0.00000
0.00000
0.00000
0.00000
0.00011
0.00000
0.00000
0.00043
0.00000
0.00000
0.00000
0.00000
0.00816
0.00000
0.00000
0.00000
0.00000
0.00000
0.00000
0.00000
0.00000
0.00000
0.00000
0.00139
0.00026
0.00065
0.00000
0.00000
0.00000
0.00000
0.00048
0.00000
0.00000
0.02216
0.08089
0.00176
0.00015
0.00000
0.00000
0.00000
0.00000
0.00000
0.00000
0.00002
0.00111
0.00000
0.00000
0.00000
0.09143
0.21193
0.04756
0.00024
0.00011
0.00171
0.00042
0.00000
0.00000
0.00000
0.00314
0.00000
0.00000
0.00000
0.54290
0.58878
0.22624
0.04411
0.01773
0.03119
0.00557
0.00023
0.00000
0.00000
0.00003
0.00107
0.00719
0.04771
0.00000
0.00000
0.07689
0.01376
0.02215
0.00000
0.00000
0.00010
0.00000
0.00000
0.00000
0.00000
0.00000
0.00000
0.02124
0.00015
0.00000
0.00000
0.00000
0.00000
0.00000
0.00000
0.00000
0.00000
0.00000
0.00000
0.00000
0.00000
0.00000
0.00000
0.00000
0.00000
0.00000
0.00000
0.00033
0.00004
0.00000
0.00230
0.00165
0.00001
0.00000
0.00000
0.00000
0.00000
0.00000
0.00000
0.00000
0.01083
0.07479
0.02682
0.00000
0.00000
0.00000
0.00000
0.00000
0.00000
0.00000
0.00000
0.00000
0.07123
0.06335
0.00001
0.00000
0.00000
0.00000
0.00000
0.00000
0.00000
0.00000
0.00440
0.00400
0.03379
0.04568
0.01196
0.00000
0.00000
0.00000
0.00000
0.00000
0.00000
0.00000
0.00000
0.00000
0.00000
0.00000
0.00000
0.00020
0.00000
0.00000
0.00000
0.00000
0.00000
0.00000
0.00000
0.00000
0.00000
0.00000
0.00000
0.00000
0.00000
0.00000
0.00000
0.00000
0.00000
0.00000
0.00000
0.00000
0.00000
0.00000
0.02494
0.00460
0.00028
0.00000
0.00000
0.00000
0.00000
0.00000
0.00000
0.09922
0.13471
0.00481
0.00000
0.00000
0.00000
0.00000
0.00000
0.04954
0.00472
0.00005
0.00000
0.00000
0.00000
0.00000
0.00000
0.00000
0.00000
0.00000
0.00000
0.00000
0.00000
0.00000
0.00000
0.00000
0.00000
0.00000
0.00000
0.00000
0.00000
0.00000
0.00000
0.00011
0.03533
0.00067
0.00000
0.00000
0.00000
0.00000
0.00000
0.00000
0.06187
0.00273
0.00000
0.00000
0.00000
0.00000
0.00000
0.00003
0.00000
0.00000
0.00000
0.00000
0.00000
0.00000
0.00000
0.00000
0.00000
0.00000
0.00000
0.00000
0.00000
0.00000
0.00000
0.00000
0.00000
0.00000
0.00000
0.00000
0.00000
0.00000
0.00000
0.00000
0.00000
0.00000
