0.00000
0.00000
0.00000
0.00000
0.00000
0.00000
0.00000
0.00000
0.00000
0.00000
0.00000
0.00000
0.00000
0.00000
0.00000
0.00000
0.00000
0.00000
0.00000
0.00000
0.00000
0.00000
0.00000
0.00000
0.00000
0.00000
0.00000
0.00000
0.00000
0.00000
0.00000
0.00000
0.00000
0.00000
0.00000
0.00000
0.00000
0.00000
0.00000
0.00102
0.04122
0.00002
0.00214
0.00594
0.00000
0.00000
0.00000
0.00000
0.06250
0.05411
0.01560
0.00789
0.00000
0.00000
0.00043
0.01748
0.00157
0.05815
0.02712
0.00445
0.00154
0.00001
0.00000
0.00012
0.00597
0.00000
0.00000
0.00000
0.00007
0.00000
0.00000
0.00000
0.00005
0.00000
0.00000
0.00179
0.00000
0.00000
0.00000
0.00000
0.00000
0.00002
0.00000
0.00000
0.00000
0.00000
0.00000
0.00000
0.00000
0.00000
0.00000
0.00000
0.00000
0.00000
0.00000
0.00000
0.05039
0.45178
0.21326
0.00263
0.00008
0.02137
0.00000
0.00000
0.00000
0.00000
0.00012
0.02363
0.28722
0.00000
0.00000
0.00000
0.00609
0.00000
0.00000
0.00000
0.00000
0.00000
0.00000
0.06559
0.00332
0.00000
0.00000
0.00651
0.00000
0.00000
0.00000
0.00000
0.00000
0.01802
0.00126
0.00468
0.07481
0.00000
0.00000
0.00000
0.05716
0.00173
0.00000
0.00127
0.00043
0.00007
0.00683
0.00000
0.00000
0.00176
0.00000
0.00000
0.00000
0.00000
0.00001
0.02601
0.00000
0.00000
0.00000
0.21964
0.00000
0.00000
0.00000
0.00013
0.00000
0.00000
0.00000
0.00000
0.00000
0.00000
0.02646
0.69092
0.01919
0.00000
0.00000
0.00030
0.03216
0.00788
0.00000
0.00000
0.00000
0.00000
0.00000
0.05835
0.62597
0.00000
0.00000
0.00000
0.00023
0.04645
0.05996
0.00000
0.00000
0.00000
0.00000
0.00000
0.00000
0.11126
0.00000
0.00000
0.00000
0.00000
0.00680
0.05304
0.00018
0.00000
0.00000
0.00000
0.00000
0.00000
0.00000
0.00000
0.00000
0.00085
0.05240
0.39688
0.00009
0.00000
0.00209
0.29427
0.02867
0.00062
0.02733
0.00000
0.00000
0.02423
0.01578
0.00000
0.00000
0.00000
0.00000
0.00000
0.00004
0.00000
0.00000
0.00000
0.00000
0.00000
0.04850
0.06708
0.00000
0.00000
0.00000
0.01574
0.00757
0.00000
0.00000
0.00000
0.00000
0.00000
0.00000
0.33230
0.00000
0.00000
0.00336
0.20477
0.02641
0.00000
0.00000
0.00048
0.00000
0.00000
0.00000
0.00000
0.00000
0.62505
0.00000
0.00000
0.53849
0.27528
0.00000
0.00000
0.00000
0.00015
0.00000
0.00000
0.27883
0.00176
0.00000
0.46393
0.00000
0.00000
0.00000
0.00000
0.00000
0.00000
0.00000
0.00475
0.06579
0.00000
0.00000
0.07782
0.56645
0.00000
0.00000
0.01443
0.00000
0.00000
0.00000
0.00043
0.00000
0.00000
0.14762
0.00000
0.00000
0.00000
0.00000
0.00000
0.00000
0.00161
0.00000
0.00000
0.00000
0.00000
0.00037
0.00001
0.00000
0.00000
0.00000
0.00000
0.00000
0.00000
0.00000
0.00000
0.00000
0.04852
0.00929
0.00000
0.00000
0.00000
0.00000
0.00000
0.00367
0.00000
0.00000
0.00000
0.00137
0.12717
0.00000
0.00000
0.00033
0.00002
0.00000
0.00000
0.00001
0.00000
0.00000
0.00000
0.00000
0.00000
0.02941
0.48971
0.20158
0.09601
0.09646
0.00988
0.00001
0.00000
0.00000
0.00000
0.00000
0.00000
0.25323
0.09664
0.88964
0.91277
0.71703
0.40467
0.23693
0.00001
0.00000
0.00000
0.00000
0.00058
0.02798
0.00814
0.00000
0.00000
0.16150
0.99609
0.38546
0.00000
0.00000
0.00000
0.00000
0.00000
0.00000
0.00000
0.00000
0.00000
0.00000
0.10560
0.00000
0.00000
0.00000
0.00000
0.00001
0.00000
0.00000
0.00000
0.00000
0.00000
0.00000
0.00000
0.00000
0.00000
0.00000
0.00062
0.00001
0.00005
0.00001
0.00000
0.00000
0.00000
0.00135
0.00000
0.00000
0.02658
0.06520
0.01214
0.00515
0.00269
0.00000
0.00000
0.00000
0.00000
0.00000
0.00002
0.00035
0.00000
0.00000
0.00388
0.55481
0.29936
0.07328
0.01343
0.00798
0.00118
0.00000
0.00000
0.00000
0.00003
0.00073
0.00000
0.00000
0.32840
0.80217
0.81318
0.00748
0.00000
0.03498
0.04885
0.00150
0.00000
0.00000
0.00000
0.00014
0.00257
0.01668
0.05073
0.00000
0.00000
0.02001
0.00231
0.03735
0.00187
0.00000
0.00000
0.00000
0.00000
0.00000
0.00000
0.00000
0.00000
0.04327
0.00136
0.00000
0.00000
0.00000
0.00000
0.00000
0.00000
0.00000
0.00000
0.00000
0.00000
0.00000
0.00000
0.00000
0.00000
0.00000
0.00000
0.00000
0.00000
0.00027
0.00004
0.00000
0.00101
0.00578
0.00016
0.00000
0.00000
0.00000
0.00000
0.00000
0.00000
0.00000
0.01074
0.09233
0.08346
0.00001
0.00000
0.00000
0.00000
0.00000
0.00000
0.00772
0.00000
0.00000
0.18539
0.31970
0.00000
0.00000
0.00000
0.00000
0.00000
0.00000
0.00000
0.00000
0.00388
0.01229
0.09896
0.10517
0.03319
0.00000
0.00000
0.00000
0.00004
0.00000
0.00000
0.00000
0.00000
0.00000
0.00000
0.00000
0.00003
0.00077
0.00000
0.00014
0.00000
0.00000
0.00000
0.00000
0.00000
0.00000
0.00000
0.00000
0.00000
0.00000
0.00000
0.00003
0.00000
0.00000
0.00000
0.00000
0.00000
0.00000
0.00000
0.00000
0.10081
0.02425
0.00512
0.00133
0.00000
0.00000
0.00000
0.00000
0.00045
0.15281
0.23976
0.01490
0.00000
0.00000
0.00000
0.00000
0.00004
0.04962
0.01574
0.00707
0.00000
0.00000
0.00000
0.00000
0.00000
0.00000
0.00000
0.00000
0.00000
0.00000
0.00000
0.00000
0.00000
0.00000
0.00002
0.00000
0.00000
0.00000
0.00000
0.00000
0.00000
0.00852
0.06364
0.00263
0.00000
0.00000
0.00000
0.00000
0.00000
0.00000
0.09056
0.00049
0.00000
0.00000
0.00000
0.00000
0.00000
0.00000
0.00000
0.00000
0.00000
0.00000
0.00000
0.00000
0.00000
0.00000
0.00000
0.00000
0.00000
0.00004
0.00001
0.00000
0.00000
0.00000
0.00000
0.00000
0.00000
0.00000
0.00000
0.00000
0.00000
0.00000
0.00000
0.00000
