0.00000
0.00000
0.00000
0.00000
0.00000
0.00000
0.00000
0.00000
0.00000
0.00002
0.00000
0.00000
0.00000
0.00000
0.00000
0.00007
0.00000
0.00000
0.00000
0.00000
0.00000
0.00000
0.00000
0.00003
0.00000
0.00000
0.00000
0.00000
0.00000
0.00000
0.00000
0.00000
0.00000
0.00000
0.00000
0.00000
0.00000
0.00000
0.00007
0.00000
0.02211
0.00000
0.00080
0.00215
0.00000
0.00000
0.00000
0.00001
0.03391
0.08737
0.04244
0.01110
0.00000
0.00000
0.00017
0.00233
0.00000
0.15706
0.02343
0.00015
0.00681
0.00012
0.00000
0.00000
0.00835
0.00000
0.00000
0.00000
0.00006
0.00000
0.00000
0.00000
0.00023
0.00000
0.00000
0.00078
0.00000
0.00000
0.00000
0.00000
0.00000
0.00000
0.00000
0.00000
0.00000
0.00000
0.00000
0.00000
0.00000
0.00000
0.00000
0.00000
0.00000
0.00000
0.00000
0.00000
0.00000
0.03354
0.01045
0.00958
0.00010
0.02881
0.00000
0.00000
0.00000
0.00000
0.00000
0.02405
0.55071
0.01777
0.00000
0.00000
0.01592
0.00000
0.00000
0.00000
0.00000
0.00000
0.00000
0.00246
0.03601
0.00000
0.00000
0.00393
0.00000
0.00000
0.00000
0.00000
0.00000
0.00303
0.00074
0.00286
0.09903
0.00000
0.00000
0.00000
0.03172
0.00082
0.00000
0.00159
0.00037
0.00000
0.00278
0.00000
0.00000
0.00022
0.00000
0.00000
0.00000
0.00000
0.00959
0.02717
0.00000
0.00000
0.00000
0.00000
0.00000
0.00000
0.00003
0.00064
0.00000
0.00000
0.00000
0.00000
0.00000
0.00000
0.32682
0.97164
0.00000
0.00000
0.00000
0.00000
0.00000
0.00010
0.00000
0.00000
0.00000
0.00000
0.00000
0.23758
0.82900
0.00000
0.00000
0.00000
0.00000
0.00000
0.30781
0.00000
0.00000
0.00000
0.00000
0.00000
0.00000
0.08787
0.00000
0.00000
0.00000
0.00000
0.00839
0.09064
0.00000
0.00000
0.00000
0.00000
0.00000
0.00000
0.02739
0.01665
0.00000
0.00253
0.05133
0.27830
0.00157
0.00000
0.00001
0.27670
0.00856
0.00020
0.02599
0.00136
0.00005
0.06443
0.00466
0.00000
0.00000
0.00000
0.00000
0.00000
0.00006
0.00000
0.00001
0.00015
0.00000
0.00000
0.07899
0.04664
0.00000
0.00000
0.00000
0.03942
0.00939
0.00028
0.00000
0.00000
0.00000
0.00000
0.00000
0.21568
0.00000
0.00000
0.25879
0.49142
0.01405
0.00000
0.00000
0.00000
0.00000
0.00000
0.00000
0.00000
0.00000
0.25950
0.02064
0.21306
0.79448
0.55727
0.00000
0.00000
0.00000
0.00000
0.00000
0.00000
0.34098
0.00000
0.00000
0.51098
0.00000
0.00000
0.00000
0.00000
0.00000
0.00000
0.00004
0.00160
0.01868
0.00023
0.00000
0.00174
0.33038
0.00000
0.00000
0.00001
0.00000
0.00000
0.00002
0.00107
0.00000
0.00000
0.00025
0.00000
0.00000
0.00000
0.00001
0.01362
0.00000
0.00209
0.00000
0.00000
0.00000
0.00000
0.00761
0.00000
0.00000
0.00000
0.00000
0.00000
0.00000
0.00000
0.00000
0.00000
0.00000
0.03516
0.00553
0.00000
0.00000
0.00000
0.00001
0.00000
0.00009
0.00000
0.00000
0.00000
0.00813
0.07095
0.00300
0.00005
0.00659
0.00632
0.00021
0.00000
0.00000
0.00000
0.00000
0.00000
0.00000
0.00000
0.00957
0.45975
0.30571
0.17219
0.12658
0.04085
0.00123
0.00000
0.00000
0.00000
0.00000
0.00000
0.91614
0.15052
0.94075
0.99833
0.80018
0.34940
0.24606
0.00000
0.00000
0.00003
0.00000
0.00000
0.03297
0.15846
0.00000
0.00000
0.00000
1.00000
0.00000
0.00000
0.00000
0.00000
0.00000
0.00000
0.00000
0.00044
0.00395
0.00000
0.00000
0.00000
0.00000
0.00000
0.00000
0.00000
0.00070
0.00000
0.00000
0.00000
0.00000
0.00000
0.00030
0.00000
0.00000
0.00000
0.00000
0.00000
0.00000
0.00043
0.00000
0.00000
0.00000
0.00000
0.00010
0.01074
0.01429
0.01578
0.04240
0.00596
0.00773
0.00123
0.00000
0.00000
0.00000
0.00000
0.00000
0.00000
0.00354
0.00000
0.00000
0.21249
0.39770
0.04256
0.09773
0.03615
0.01517
0.00502
0.00014
0.00000
0.00000
0.00029
0.00211
0.00000
0.00000
0.02645
0.80082
0.83787
0.52846
0.10567
0.07386
0.03752
0.00167
0.00111
0.00000
0.00000
0.00165
0.00010
0.00001
0.17129
0.00000
0.00000
0.23845
0.14915
0.00397
0.00000
0.00000
0.00005
0.00000
0.00000
0.00001
0.00005
0.00000
0.00000
0.03413
0.00000
0.00000
0.00000
0.00000
0.00010
0.00000
0.00000
0.00000
0.00000
0.00000
0.00000
0.00000
0.00000
0.00000
0.00000
0.00000
0.00000
0.00000
0.00000
0.00001
0.00013
0.00001
0.00042
0.00201
0.00042
0.00000
0.00000
0.00000
0.00000
0.00000
0.00062
0.00004
0.03106
0.05340
0.04167
0.00015
0.00000
0.00000
0.00000
0.00000
0.00000
0.00039
0.00000
0.00000
0.12388
0.00660
0.00000
0.00000
0.00000
0.00000
0.00000
0.00000
0.00000
0.00005
0.01937
0.01453
0.08377
0.05200
0.00282
0.00000
0.00000
0.00000
0.00005
0.00000
0.00000
0.00000
0.00000
0.00000
0.00000
0.00000
0.00010
0.00017
0.00000
0.00080
0.00000
0.00000
0.00000
0.00000
0.00000
0.00000
0.00000
0.00000
0.00000
0.00000
0.00000
0.00000
0.00000
0.00000
0.00000
0.00000
0.00000
0.00000
0.00000
0.00000
0.01793
0.00358
0.00051
0.00024
0.00000
0.00000
0.00000
0.00000
0.00000
0.14951
0.17513
0.00764
0.00000
0.00000
0.00000
0.00000
0.00003
0.06146
0.01625
0.00413
0.00000
0.00000
0.00000
0.00000
0.00000
0.00000
0.00000
0.00000
0.00000
0.00000
0.00000
0.00000
0.00000
0.00000
0.00000
0.00000
0.00000
0.00000
0.00000
0.00000
0.00000
0.00068
0.04525
0.00012
0.00000
0.00000
0.00000
0.00000
0.00000
0.00000
0.06388
0.00041
0.00000
0.00000
0.00000
0.00000
0.00000
0.00000
0.00000
0.00000
0.00000
0.00000
0.00000
0.00000
0.00000
0.00000
0.00000
0.00000
0.00000
0.00002
0.00000
0.00000
0.00000
0.00000
0.00000
0.00000
0.00000
0.00000
0.00000
0.00000
0.00000
0.00000
0.00000
0.00000
