0.00000
0.00000
0.00000
0.00000
0.00000
0.00000
0.00000
0.00000
0.00000
0.00001
0.00000
0.00000
0.00000
0.00000
0.00000
0.00002
0.00000
0.00000
0.00000
0.00000
0.00000
0.00000
0.00000
0.00007
0.00000
0.00000
0.00000
0.00000
0.00000
0.00000
0.00000
0.00000
0.00000
0.00000
0.00000
0.00001
0.00000
0.00000
0.00000
0.00000
0.03683
0.02034
0.00265
0.00094
0.00000
0.00000
0.00000
0.00028
0.05584
0.03188
0.04765
0.00788
0.00064
0.00000
0.00078
0.01360
0.00094
0.18309
0.00000
0.00000
0.00097
0.00116
0.00000
0.00002
0.00646
0.00000
0.00000
0.00000
0.00000
0.00000
0.00000
0.00000
0.00002
0.00000
0.00000
0.00157
0.00002
0.00000
0.00000
0.00000
0.00000
0.00000
0.00000
0.00000
0.00000
0.00000
0.00000
0.01033
0.00000
0.00000
0.00000
0.00000
0.00000
0.00000
0.00000
0.00000
0.04196
0.42859
0.14718
0.00000
0.00000
0.00583
0.00000
0.00000
0.00000
0.00000
0.00000
0.45455
0.33026
0.00003
0.00000
0.00000
0.00332
0.00000
0.00000
0.00000
0.00000
0.00000
0.00000
0.06854
0.02837
0.00000
0.00000
0.02552
0.00000
0.00000
0.00000
0.00000
0.00000
0.00592
0.00329
0.00163
0.00979
0.00000
0.00000
0.00000
0.01649
0.00042
0.00000
0.00051
0.00000
0.00000
0.01055
0.00000
0.00000
0.00000
0.00001
0.00000
0.00000
0.00000
0.00000
0.03643
0.00000
0.00000
0.00000
0.09054
0.05262
0.00002
0.00000
0.00701
0.00000
0.00000
0.00000
0.00000
0.00000
0.00000
0.45355
0.33495
0.06555
0.00000
0.00000
0.00007
0.01976
0.00930
0.00000
0.00000
0.00000
0.00000
0.00000
0.65277
0.39920
0.00000
0.00000
0.00000
0.00000
0.02361
0.05508
0.00000
0.00000
0.00000
0.00000
0.00000
0.00000
0.03927
0.03672
0.00000
0.00000
0.00000
0.00082
0.03112
0.00060
0.00000
0.00000
0.00000
0.00000
0.00000
0.01773
0.01185
0.00000
0.00001
0.05643
0.35668
0.00000
0.00000
0.00000
0.28269
0.00996
0.00038
0.03988
0.00012
0.00000
0.07950
0.00832
0.00000
0.00000
0.00000
0.00000
0.00000
0.00006
0.00000
0.00000
0.00000
0.00000
0.00000
0.00349
0.01987
0.00000
0.00000
0.00000
0.00039
0.00123
0.00000
0.00035
0.00000
0.00000
0.00000
0.00000
0.02619
0.00000
0.00000
0.12283
0.07200
0.00151
0.00000
0.00000
0.00001
0.00000
0.00000
0.00000
0.00000
0.00000
0.85811
0.00000
0.00686
0.38511
0.07471
0.00425
0.00004
0.00000
0.00000
0.00000
0.00000
0.25777
0.00028
0.00000
0.09513
0.06362
0.00000
0.00394
0.00000
0.00000
0.00234
0.00000
0.00061
0.03017
0.00000
0.00000
0.02188
1.00000
0.00000
0.00000
0.00447
0.00000
0.00000
0.00000
0.00000
0.00000
0.00000
0.43314
0.00000
0.00000
0.00000
0.00004
0.03624
0.00000
0.00080
0.00000
0.00000
0.00000
0.00000
0.00896
0.00001
0.00000
0.00000
0.00000
0.00000
0.00000
0.00000
0.00000
0.00000
0.00000
0.04638
0.01114
0.00000
0.00000
0.00000
0.00000
0.00000
0.00000
0.00000
0.00000
0.00000
0.00000
0.09739
0.00000
0.00000
0.00064
0.00000
0.00000
0.00000
0.00000
0.00000
0.00000
0.00000
0.00000
0.00000
0.04129
0.33441
0.15469
0.09434
0.05206
0.00084
0.00000
0.00000
0.00002
0.00000
0.00000
0.00000
0.00113
0.00000
0.85903
0.88212
0.77021
0.48207
0.06348
0.00000
0.00000
0.00000
0.00000
0.00024
0.01133
0.01294
0.00000
0.00000
0.00000
0.99835
0.36817
0.00000
0.00000
0.00000
0.00000
0.00000
0.00000
0.00000
0.00002
0.00000
0.00000
0.08299
0.00000
0.00000
0.00000
0.00000
0.00235
0.00000
0.00000
0.00000
0.00000
0.00000
0.00000
0.00000
0.00000
0.00000
0.00000
0.00146
0.00012
0.00038
0.00000
0.00000
0.00000
0.00000
0.00068
0.00000
0.00000
0.01889
0.16637
0.00359
0.00350
0.00083
0.00000
0.00000
0.00000
0.00000
0.00000
0.00001
0.00000
0.00000
0.00000
0.00000
0.56221
0.33702
0.07172
0.00726
0.00117
0.00147
0.00000
0.00000
0.00000
0.00000
0.00256
0.00000
0.00000
0.41640
0.09237
0.37614
0.11014
0.01854
0.04264
0.06058
0.00166
0.00005
0.00000
0.00000
0.00007
0.00577
0.01292
0.00493
0.00000
0.00000
0.00000
0.00000
0.04930
0.00000
0.00000
0.00015
0.00000
0.00000
0.00000
0.00000
0.00000
0.00000
0.06459
0.00386
0.00000
0.00000
0.00000
0.00000
0.00000
0.00000
0.00000
0.00000
0.00000
0.00000
0.00000
0.00000
0.00000
0.00000
0.00000
0.00000
0.00000
0.00000
0.00013
0.00000
0.00000
0.00114
0.00697
0.00027
0.00000
0.00000
0.00000
0.00000
0.00000
0.00000
0.00000
0.00660
0.07840
0.07056
0.00023
0.00000
0.00000
0.00000
0.00000
0.00000
0.00000
0.02109
0.00040
0.10187
0.01553
0.00000
0.00000
0.00000
0.00000
0.00000
0.00000
0.00000
0.00000
0.00349
0.00145
0.02046
0.01826
0.00001
0.00000
0.00000
0.00000
0.00000
0.00000
0.00000
0.00000
0.00000
0.00000
0.00000
0.00000
0.00000
0.00091
0.00000
0.00000
0.00000
0.00000
0.00000
0.00000
0.00000
0.00000
0.00000
0.00000
0.00000
0.00000
0.00000
0.00000
0.00000
0.00000
0.00000
0.00000
0.00000
0.00000
0.00000
0.00000
0.01880
0.00054
0.00003
0.00001
0.00000
0.00000
0.00000
0.00000
0.00000
0.02869
0.05358
0.00337
0.00000
0.00000
0.00000
0.00000
0.00000
0.01145
0.00282
0.00024
0.00000
0.00000
0.00000
0.00000
0.00000
0.00000
0.00000
0.00000
0.00000
0.00000
0.00000
0.00000
0.00000
0.00000
0.00000
0.00000
0.00000
0.00000
0.00000
0.00000
0.00000
0.00006
0.00646
0.00000
0.00000
0.00000
0.00000
0.00000
0.00000
0.00000
0.02054
0.00001
0.00000
0.00000
0.00000
0.00000
0.00000
0.00000
0.00000
0.00000
0.00000
0.00000
0.00000
0.00000
0.00000
0.00000
0.00000
0.00000
0.00000
0.00000
0.00000
0.00000
0.00000
0.00000
0.00000
0.00000
0.00000
0.00000
0.00000
0.00000
0.00000
0.00000
0.00000
0.00000
