0.00000
0.00000
0.00000
0.00000
0.00000
0.00000
0.00000
0.00000
0.00000
0.00005
0.00000
0.00000
0.00000
0.00000
0.00000
0.00002
0.00000
0.00000
0.00000
0.00000
0.00000
0.00000
0.00000
0.00001
0.00000
0.00000
0.00000
0.00000
0.00000
0.00000
0.00000
0.00000
0.00000
0.00000
0.00000
0.00001
0.00000
0.00000
0.00000
0.00000
0.05297
0.00015
0.00045
0.00077
0.00000
0.00000
0.00000
0.00035
0.07015
0.06708
0.07020
0.01795
0.00102
0.00000
0.00033
0.00743
0.00012
0.01806
0.00456
0.00000
0.00513
0.00656
0.00000
0.00026
0.00522
0.00000
0.00000
0.00000
0.00001
0.00000
0.00000
0.00000
0.00001
0.00000
0.00000
0.00088
0.00000
0.00000
0.00000
0.00000
0.00000
0.00000
0.00001
0.00000
0.00000
0.00000
0.00000
0.00005
0.00000
0.00000
0.00000
0.00000
0.00000
0.00000
0.00000
0.00000
0.11332
0.61739
0.18477
0.00000
0.00000
0.00964
0.00000
0.00000
0.00000
0.00000
0.00000
0.06132
0.49649
0.03084
0.00000
0.00000
0.00793
0.00000
0.00000
0.00000
0.00000
0.00000
0.00000
0.00358
0.06827
0.00000
0.00000
0.00837
0.00000
0.00000
0.00000
0.00000
0.00000
0.00180
0.00163
0.00374
0.07061
0.00000
0.00000
0.00000
0.01855
0.00004
0.00000
0.00064
0.00186
0.00435
0.00238
0.00000
0.00000
0.00004
0.00001
0.00000
0.00000
0.00000
0.00000
0.03101
0.00000
0.00000
0.00000
0.15384
0.06242
0.00000
0.00000
0.01153
0.00000
0.00000
0.00000
0.00000
0.00000
0.00000
0.55381
0.63879
0.28637
0.00000
0.00000
0.00010
0.02703
0.04196
0.00000
0.00000
0.00000
0.00000
0.00000
0.35474
0.59227
0.00550
0.00000
0.00000
0.00002
0.04578
0.10232
0.00000
0.00000
0.00000
0.00000
0.00000
0.00000
0.00000
0.00000
0.00000
0.00000
0.00000
0.00521
0.01728
0.00002
0.00000
0.00000
0.00000
0.00000
0.00000
0.02482
0.00728
0.00000
0.00035
0.04397
0.40637
0.02116
0.00000
0.00012
0.25168
0.01099
0.00028
0.02336
0.02134
0.00286
0.04865
0.00213
0.00000
0.00000
0.00000
0.00000
0.00000
0.00000
0.00000
0.00000
0.00000
0.00000
0.00000
0.00000
0.01850
0.00000
0.00000
0.00061
0.00711
0.00620
0.00000
0.01052
0.00000
0.00000
0.00000
0.00000
0.00815
0.00000
0.00000
0.16409
0.11520
0.01475
0.00137
0.00000
0.00000
0.00000
0.00000
0.00000
0.00000
0.00000
0.45360
0.00000
0.00478
0.47260
0.00000
0.00000
0.00050
0.00000
0.00000
0.00000
0.00000
0.03887
0.00000
0.00000
0.66153
0.00015
0.00000
0.00000
0.00000
0.00000
0.00116
0.00000
0.00672
0.08722
0.00000
0.00000
0.12572
0.99538
0.00000
0.00000
0.00005
0.00000
0.00000
0.00000
0.00092
0.00000
0.00000
0.03000
0.00000
0.00000
0.00000
0.00001
0.08406
0.00005
0.00265
0.00000
0.00000
0.00000
0.00000
0.00312
0.00000
0.00000
0.00000
0.00000
0.00000
0.00000
0.00000
0.00000
0.00000
0.00000
0.04087
0.01993
0.00000
0.00000
0.00000
0.00000
0.00000
0.00284
0.00000
0.00000
0.00000
0.00000
0.10510
0.00000
0.00000
0.00164
0.00000
0.00000
0.00000
0.00002
0.00000
0.00000
0.00000
0.00000
0.00000
0.00148
0.38443
0.12974
0.13710
0.07466
0.00032
0.00000
0.00000
0.00000
0.00000
0.00000
0.00000
0.01070
0.38351
0.94842
0.83489
0.59245
0.46081
0.35469
0.00000
0.00000
0.00000
0.00000
0.00116
0.04466
0.00000
0.00000
0.00000
0.73942
0.99938
0.00373
0.00000
0.00000
0.00000
0.00000
0.00000
0.00000
0.00000
0.00000
0.00000
0.00000
0.00188
0.00000
0.00000
0.00000
0.00000
0.00131
0.00000
0.00000
0.00000
0.00000
0.00000
0.00000
0.00000
0.00000
0.00000
0.00000
0.00025
0.00008
0.00134
0.00048
0.00000
0.00000
0.00000
0.00009
0.00080
0.00002
0.03125
0.14284
0.00040
0.00732
0.00285
0.00000
0.00000
0.00000
0.00000
0.00000
0.00000
0.00246
0.00000
0.00000
0.00000
0.65927
0.28058
0.04069
0.00411
0.00242
0.00053
0.00001
0.00000
0.00000
0.00000
0.00606
0.00000
0.00000
0.01479
0.94554
0.84423
0.03168
0.07969
0.04066
0.04247
0.00261
0.00080
0.00000
0.00000
0.00004
0.00967
0.02617
0.01538
0.00000
0.00000
0.00000
0.00155
0.03899
0.00000
0.00000
0.00003
0.00000
0.00000
0.00002
0.00000
0.00000
0.00000
0.02202
0.00000
0.00000
0.00000
0.00000
0.00000
0.00000
0.00000
0.00000
0.00000
0.00000
0.00000
0.00000
0.00000
0.00000
0.00000
0.00000
0.00000
0.00000
0.00000
0.00001
0.00011
0.00002
0.00175
0.00840
0.00024
0.00000
0.00000
0.00000
0.00000
0.00000
0.00000
0.00000
0.02031
0.07184
0.04161
0.00001
0.00000
0.00000
0.00000
0.00000
0.00000
0.00000
0.00000
0.00000
0.10416
0.00000
0.00000
0.00000
0.00000
0.00000
0.00000
0.00000
0.00000
0.00000
0.00697
0.01620
0.14682
0.06071
0.00000
0.00000
0.00000
0.00000
0.00013
0.00000
0.00000
0.00000
0.00000
0.00000
0.00001
0.00011
0.00097
0.00000
0.00000
0.00001
0.00000
0.00000
0.00000
0.00000
0.00000
0.00000
0.00000
0.00000
0.00000
0.00000
0.00000
0.00000
0.00000
0.00000
0.00000
0.00000
0.00000
0.00000
0.00000
0.00000
0.01581
0.00417
0.00015
0.00000
0.00000
0.00000
0.00000
0.00000
0.00000
0.10736
0.19124
0.00308
0.00000
0.00000
0.00000
0.00000
0.00002
0.07320
0.01252
0.00501
0.00000
0.00000
0.00000
0.00000
0.00000
0.00000
0.00000
0.00000
0.00000
0.00000
0.00000
0.00000
0.00000
0.00000
0.00000
0.00000
0.00000
0.00000
0.00000
0.00000
0.00000
0.00007
0.01819
0.00041
0.00000
0.00000
0.00000
0.00000
0.00000
0.00000
0.05459
0.00203
0.00000
0.00000
0.00000
0.00000
0.00000
0.00007
0.00000
0.00000
0.00000
0.00000
0.00000
0.00000
0.00000
0.00000
0.00000
0.00000
0.00000
0.00000
0.00000
0.00000
0.00000
0.00000
0.00000
0.00000
0.00000
0.00000
0.00000
0.00000
0.00000
0.00000
0.00000
0.00000
