0.00000
0.00000
0.00002
0.00000
0.00000
0.00000
0.00002
0.00006
0.00000
0.00000
0.00000
0.00000
0.00000
0.00000
0.00000
0.00000
0.00000
0.00000
0.00000
0.00000
0.00000
0.00000
0.00000
0.00000
0.00000
0.00000
0.00000
0.00000
0.00000
0.00000
0.00000
0.00000
0.00000
0.00000
0.00000
0.00000
0.00000
0.00000
0.00000
0.00000
0.00000
0.00000
0.00000
0.00000
0.00000
0.00000
0.00000
0.00000
0.00000
0.01763
0.00210
0.00000
0.00007
0.00000
0.00000
0.00000
0.01785
0.00041
0.04589
0.00000
0.00000
0.00000
0.00000
0.00760
0.00000
0.02931
0.00000
0.00000
0.09914
0.18656
0.02170
0.00000
0.00080
0.00056
0.00000
0.01304
0.03484
0.00000
0.00000
0.03847
0.09713
0.02605
0.00000
0.00012
0.00000
0.00000
0.00000
0.00000
0.00033
0.00000
0.00000
0.00864
0.00608
0.00009
0.00032
0.00001
0.00000
0.00000
0.00000
0.00007
0.01683
0.02261
0.00062
0.00000
0.00000
0.00000
0.00000
0.00000
0.00000
0.00005
0.00269
0.00006
0.00000
0.00000
0.00000
0.00000
0.00000
0.00000
0.00000
0.00000
0.00000
0.00000
0.00000
0.00000
0.00000
0.00001
0.00004
0.05034
0.00000
0.00000
0.00000
0.00000
0.00090
0.00081
0.00000
0.00000
0.00000
0.00000
0.00000
0.00000
0.00183
0.00000
0.00465
0.00000
0.00000
0.17866
0.00000
0.00000
0.00000
0.00000
0.23570
0.00818
0.00495
0.00636
0.04658
0.00000
0.00000
0.00000
0.91494
0.00000
0.00000
0.00000
0.10986
0.01321
0.00426
0.10039
0.22003
0.00000
0.00000
0.00002
0.76708
0.00000
0.00000
0.00000
0.00000
0.00013
0.00000
0.00000
0.00000
0.00000
0.00000
0.02623
0.06513
0.18771
0.00000
0.00000
0.00031
0.00000
0.00000
0.00000
0.00000
0.49705
0.00000
0.00007
0.02081
0.02203
0.00279
0.00000
0.00011
0.00405
0.10691
0.07621
0.00000
0.00000
0.00001
0.00000
0.00000
0.00000
0.00012
0.00098
0.00035
0.00000
0.00000
0.00000
0.00000
0.00000
0.00000
0.00000
0.00000
0.00006
0.00000
0.00091
0.00165
0.00006
0.00120
0.00518
0.00000
0.00000
0.00000
0.00000
0.00000
0.00000
0.00000
0.00000
0.00000
0.00000
0.00000
0.00000
0.00000
0.00000
0.00000
0.00000
0.00000
0.00000
0.00079
0.00000
0.00000
0.00000
0.00000
0.00000
0.00000
0.00344
0.00000
0.00000
0.00000
0.00000
0.00000
0.00000
0.00000
0.01100
0.00337
0.00000
0.00000
0.00000
0.00000
0.00000
0.30899
0.00000
0.00000
0.00000
0.07434
0.10693
0.00009
0.00000
0.01346
0.20785
0.00614
0.00000
0.00000
0.00000
0.00000
0.00000
0.05535
0.00000
0.00000
0.00000
0.04277
0.00003
0.00000
0.00013
0.09319
0.00000
0.00000
0.00000
0.00000
0.00000
0.00000
0.12983
0.00000
0.00000
0.00000
0.00015
0.00000
0.00000
0.03312
0.00000
0.00000
0.00000
0.00000
0.00000
0.00000
0.18854
0.01328
0.00000
0.00006
0.00431
0.00000
0.02052
0.00000
0.00000
0.00000
0.02125
0.00595
0.00000
0.00000
0.00003
0.00000
0.01284
0.05046
0.00000
0.00000
0.00000
0.00000
0.00000
0.00000
0.00000
0.00000
0.00000
0.00097
0.01170
0.00613
0.00101
0.00029
0.00000
0.02017
0.06438
0.08766
0.05660
0.00000
0.00000
0.00000
0.31005
0.00000
0.00000
0.00000
0.00000
0.00000
0.00419
0.00060
0.00000
0.00000
0.00000
0.00000
0.00000
0.00000
0.00000
0.00000
0.00000
0.00000
0.00000
0.00000
0.00000
0.00000
0.00000
0.00000
0.00000
0.00000
0.00000
0.00000
0.49233
0.09323
0.00000
0.00000
0.00000
0.00000
0.00000
0.00018
0.00000
0.57981
0.00000
0.00000
0.00000
0.00000
0.00000
0.41422
1.00000
0.00000
0.00000
0.00000
0.00000
0.00004
0.00000
0.00284
0.13879
0.39452
0.00000
0.00000
0.00000
0.00370
0.00000
0.00000
0.00000
0.00000
0.00000
0.00000
0.00000
0.00014
0.00000
0.00000
0.00053
0.12839
0.64995
0.00000
0.00000
0.00000
0.00000
0.00000
0.00000
0.00000
0.00000
0.00000
0.00000
0.00192
0.00000
0.00000
0.03080
0.40110
0.00000
0.00000
0.00000
0.00000
0.00000
0.00000
0.17233
0.00000
0.00870
0.00696
0.00000
0.00000
0.00210
0.00000
0.00000
0.00000
0.00564
0.00000
0.00000
0.18063
0.02457
0.00055
0.00000
0.00000
0.00000
0.00000
0.21712
0.11206
0.00932
0.00062
0.00000
0.00000
0.00000
0.00000
0.00013
0.00000
0.00000
0.00000
0.00000
0.00000
0.00004
0.00007
0.00002
0.00000
0.00000
0.00000
0.00000
0.00089
0.00000
0.00000
0.01244
0.10444
0.00000
0.00000
0.00000
0.05066
0.01635
0.00079
0.00003
0.00000
0.00000
0.00000
0.00000
0.00067
0.04640
0.00000
0.00000
0.00000
0.20325
0.13482
0.00318
0.00000
0.00000
0.00000
0.00000
0.00000
0.00000
0.00000
0.00000
0.00000
0.00000
0.00000
0.12369
0.56972
0.32345
0.00498
0.04936
0.00000
0.00000
0.00141
0.00000
0.00000
0.00000
0.00000
0.00000
0.00000
0.00000
0.00000
0.00000
0.90935
0.87413
0.00030
0.00000
0.00000
0.00000
0.00027
0.00001
0.02303
0.00000
0.00000
0.00000
0.00000
0.00000
0.00000
0.00342
0.00000
0.00000
0.00239
0.00000
0.00000
0.00000
0.00000
0.00000
0.00000
0.00304
0.06315
0.51577
0.94962
0.00000
0.00000
0.00000
0.00000
0.00000
0.00000
0.00000
0.00000
0.00000
0.00000
0.00013
0.00000
0.00000
0.00777
0.25079
0.00057
0.00000
0.00000
0.68271
0.00000
0.00000
0.05588
0.00000
0.00000
0.00000
0.04439
0.00000
0.00000
0.00153
0.05118
0.00000
0.00000
0.00000
0.00000
0.00000
0.00000
0.37332
0.11360
0.00483
0.00024
0.00000
0.00114
0.00000
0.00000
0.00000
0.19290
0.00535
0.03341
0.00727
0.00000
0.00000
0.00010
0.00074
0.00148
0.00005
0.00000
0.00000
0.00000
0.00000
0.00000
0.00000
0.00001
0.00000
0.00000
0.00000
0.00000
0.00000
0.00000
0.00000
0.00000
0.05991
0.00000
0.00000
0.00000
0.00000
0.00000
0.00000
0.00000
0.00000
0.00000
0.00000
0.00000
0.00000
0.00000
0.00000
0.46312
0.00000
0.00000
0.00000
0.00270
0.00082
0.00009
0.00008
0.00001
0.00151
0.00000
0.00000
0.00000
0.00000
0.00000
0.00000
0.00000
0.41773
0.00000
0.00000
0.06854
0.05543
0.01658
0.03100
0.01067
0.00062
0.00600
0.00000
0.00000
0.00000
0.00000
0.00000
0.00000
0.00000
0.65402
0.00657
0.01326
0.23442
0.12093
0.08934
0.10609
0.00094
0.00040
0.00513
0.11265
0.00000
0.00000
0.00000
0.00000
0.97061
0.61039
0.97886
0.84040
0.03109
0.04829
0.00000
0.00000
0.00000
0.00000
0.00000
0.00000
0.01339
0.00016
0.00000
0.00203
0.11199
0.00000
0.00000
1.00000
0.16623
0.00000
0.00000
0.00000
0.00000
0.00000
0.01518
0.00014
0.00000
0.00000
0.00000
0.00000
0.00000
0.00000
0.00000
0.00000
0.00000
0.00000
0.00000
0.00000
0.00538
0.00000
0.00000
0.00000
0.00000
0.00000
0.00116
0.00000
0.00000
0.00000
0.00000
0.00000
0.00000
0.00000
0.15717
0.00919
0.00000
0.00000
0.00000
0.00003
0.00547
0.00000
0.00000
0.00123
0.00000
0.00000
0.00136
0.00554
0.00065
0.00000
0.00346
0.00059
0.00000
0.00000
0.00000
0.00000
0.00000
0.00000
0.00000
0.00000
0.00002
0.00000
0.00000
0.00000
0.00728
0.00288
0.00000
0.00000
0.00000
0.00000
0.00000
0.00000
0.00008
0.00000
0.00000
0.00431
0.00137
0.00005
0.00052
0.05454
0.03076
0.00223
0.00000
0.00000
0.00000
0.00000
0.00000
0.00000
0.00001
0.02977
0.00000
0.00000
0.00000
0.00000
0.00002
0.00000
0.00000
0.04578
0.01465
0.00093
0.00004
0.00000
0.00000
0.00000
0.00000
0.00000
0.00000
0.01594
0.00000
0.00000
0.00000
0.00294
0.00000
0.00000
0.05999
0.05789
0.01631
0.02197
0.00179
0.00001
0.00176
0.00005
0.00000
0.00000
0.00000
0.34723
0.00000
0.00000
0.00000
0.00000
0.85641
0.68451
0.64947
0.48491
0.25788
0.16789
0.05805
0.00000
0.00000
0.00044
0.00000
0.00713
0.25548
0.00260
0.00000
0.82352
0.02631
0.00000
0.00625
0.97679
0.97081
0.00000
0.00000
0.00077
0.00000
0.00000
0.00001
0.00000
0.00004
0.01726
0.00000
0.00000
0.00000
0.00000
0.00000
0.00000
0.00000
0.00000
0.00000
0.00000
0.00000
0.00000
0.00000
0.00000
0.00000
0.00000
0.00000
0.00127
0.00000
0.00000
0.00000
0.00000
0.00000
0.00000
0.00000
0.03866
0.00622
0.00000
0.00000
0.00000
0.00001
0.00395
0.00000
0.00000
0.00000
0.00000
0.00000
0.00047
0.00862
0.00041
0.00000
0.00000
0.00001
0.00001
0.00000
0.00000
0.00000
0.00000
0.00000
0.00000
0.00000
0.00000
0.00000
0.00000
0.00000
0.00000
0.00000
0.00000
0.00011
0.00009
0.00000
0.01234
0.00696
0.00339
0.00001
0.00000
0.00000
0.00000
0.00000
0.00000
0.00000
0.00000
0.00000
0.00037
0.00000
0.00000
0.00000
0.09604
0.06744
0.02322
0.00099
0.00000
0.00000
0.00000
0.00000
0.00000
0.00000
0.00000
0.00000
0.00000
0.00000
0.00000
0.00000
0.00000
0.06676
0.11217
0.07178
0.00918
0.00044
0.00008
0.00008
0.00000
0.00000
0.00000
0.00000
0.00000
0.00000
0.00000
0.00000
0.00000
0.00000
0.29663
0.39363
0.58681
0.21399
0.00108
0.03726
0.07545
0.01556
0.00402
0.00001
0.00000
0.00000
0.00015
0.00034
0.39717
0.54626
0.52480
0.85908
0.94165
0.21602
0.01332
0.00000
0.20847
0.00000
0.00000
0.00021
0.00259
0.00000
0.00000
0.00163
0.08624
0.15995
0.11540
0.70445
0.00006
0.00000
0.00000
0.21787
0.00000
0.00000
0.00000
0.00000
0.00378
0.00000
0.00000
0.00000
0.00001
0.00762
0.07289
0.15109
0.00000
0.00000
0.00000
0.00000
0.00000
0.00000
0.00000
0.00430
0.00126
0.00000
0.00000
0.00000
0.00015
0.00135
0.02108
0.00000
0.00000
0.00000
0.00019
0.00117
0.00000
0.00000
0.00000
0.00000
0.00000
0.00000
0.00000
0.00000
0.00000
0.00000
0.00000
0.00000
0.00000
0.00000
0.00000
0.00000
0.00001
0.00000
0.00000
0.00000
0.00000
0.00000
0.00000
0.00000
0.00000
0.00000
0.00000
0.00061
0.02738
0.00275
0.00000
0.00000
0.00000
0.00000
0.00000
0.00000
0.00000
0.00000
0.00000
0.00000
0.00038
0.00000
0.00000
0.00009
0.04620
0.01066
0.00147
0.00254
0.00149
0.00000
0.00000
0.00000
0.00000
0.00000
0.00000
0.00000
0.00000
0.00000
0.00000
0.46065
0.26534
0.15590
0.00000
0.00000
0.00000
0.00000
0.00014
0.00002
0.00000
0.00000
0.03242
0.00000
0.00000
0.03940
0.75849
0.83046
0.00000
0.00000
0.00000
0.00000
0.00000
0.00593
0.00036
0.00113
0.00000
0.00039
0.02430
0.00000
0.45660
0.56535
0.02555
0.00000
0.00000
0.00000
0.00000
0.00000
0.00000
0.00000
0.00036
0.00005
0.00000
0.00000
0.00115
0.04815
0.21281
0.00003
0.00000
0.00000
0.00000
0.00000
0.00000
0.00000
0.00000
0.00000
0.00000
0.00000
0.00004
0.00009
0.00047
0.00676
0.00000
0.00000
0.00000
0.00000
0.00000
0.00000
0.00000
0.00000
0.00000
0.00000
0.00000
0.00000
0.00000
0.00000
0.00000
0.00000
0.00000
0.00000
0.00000
0.00003
0.00166
0.00006
0.00000
0.00000
0.00000
0.00000
0.00000
0.00000
0.00000
0.00053
0.00000
0.00000
0.05724
0.01783
0.00115
0.00000
0.00000
0.00000
0.00000
0.00000
0.00000
0.00000
0.00000
0.00000
0.06043
0.44870
0.21276
0.00002
0.00000
0.00000
0.00000
0.00001
0.00000
0.00000
0.00000
0.00000
0.00000
0.00000
0.00000
0.44074
0.02386
0.00000
0.00000
0.00000
0.00000
0.00000
0.00004
0.00000
0.00000
0.00000
0.00000
0.00000
0.00000
0.24925
0.00000
0.00000
0.00000
0.00000
0.00000
0.00000
0.00000
0.00335
0.00000
0.00000
0.00601
0.00000
0.00000
0.00000
0.00000
0.00000
0.00000
0.00003
0.00011
0.00000
0.00000
0.00000
0.00000
0.00000
0.00000
0.00000
0.00000
0.00000
0.00000
0.00000
0.00000
0.00000
0.00000
0.00000
0.00000
0.00000
0.00000
0.00000
0.00000
0.00000
0.00120
0.01814
0.00994
0.00096
0.00000
0.00000
0.00000
0.00000
0.00000
0.00000
0.00000
0.00000
0.00000
0.44586
0.00004
0.00005
0.02264
0.00151
0.00008
0.00000
0.00000
0.00000
0.00000
0.00000
0.00000
0.00000
0.00000
0.00000
0.00002
0.00217
0.00000
0.00000
0.00000
0.00000
0.00000
0.00000
0.00000
0.00000
0.01298
0.00248
0.00000
0.00000
0.00000
0.00000
0.00000
0.00000
0.00000
0.00000
0.00000
0.00000
0.00000
0.00000
0.00000
0.00000
0.00000
0.00000
0.00000
0.00000
0.00000
0.00000
0.00000
0.00000
0.00020
0.00039
0.00000
0.00000
0.00000
0.00000
0.00000
0.00000
0.00275
0.04860
0.00037
0.00000
0.00000
0.00112
0.00001
0.00000
0.00000
0.02626
0.00000
0.00000
0.00000
0.00285
0.00149
0.00478
0.00000
0.00000
0.00000
0.00000
0.00000
0.00000
0.00000
0.00000
0.00000
0.00000
0.00000
0.00000
0.00000
0.00000
0.00000
0.00000
0.00002
0.00000
0.00000
0.00076
0.00000
0.00000
0.00000
0.00000
0.00000
